2	327285
2054	328241
230	277567
2282	284717
2738	317026
2510	289932
914	340920
686	375190
1142	377069
1370	327357
458	372507
1598	356743
11	322683
467	376921
2291	339205
1607	323388
1151	346388
923	346388
239	339205
1835	377447
1379	350548
2063	334243
931	372730
19	350738
2299	297335
247	332487
2071	339205
1387	345179
2527	383197
1159	352915
703	368104
1843	354597
1615	353704
256	364296
2080	293965
2308	362909
712	383299
940	380527
2764	374837
28	338333
1168	336482
2536	335193
1396	367943
1624	342057
484	353401
1852	254794
1633	354882
37	343914
721	320231
265	347894
493	388816
2317	376921
2545	342778
2773	306782
1861	342798
2089	371300
1177	304141
1405	322683
949	353552
1634	370586
38	321942
1862	322521
266	337628
722	376921
494	349262
2546	364331
2318	372502
950	344608
1178	354282
2090	343697
1406	347496
1409	327357
1637	328241
2321	371594
41	299479
2093	388816
269	375190
497	387139
725	360836
1865	349663
953	334243
1181	362273
2549	314956
514	371100
2566	322521
742	271957
2794	362115
2338	363998
1198	325087
970	382431
1426	331326
286	342510
1654	325350
58	352752
1882	336526
2110	338099
515	364331
743	365073
2567	359531
1883	363442
2795	361393
1427	314212
971	347259
1199	385916
2339	350918
1655	388724
59	359531
2111	371594
530	333732
302	324866
758	330709
2582	315131
1670	342057
2810	375472
1898	297335
2354	336551
1214	386836
1442	289538
992	388724
2816	368272
1220	357167
1448	316672
764	309430
1676	339205
80	327135
2360	379793
308	369413
536	324180
2132	342489
2588	272897
2822	360694
770	379793
1910	376921
998	365073
1454	391881
2594	373036
1226	336075
314	315760
86	332219
2138	338192
2366	277433
2603	316776
2147	330572
1007	329334
2375	364303
551	352272
323	373036
779	379793
2831	298941
1235	309966
1691	271345
95	370586
1919	371594
2839	367405
2611	296670
2155	382431
787	352328
1471	350918
1927	382927
103	343997
559	371300
331	351611
1243	376965
2383	327231
1025	298235
1253	284717
113	327285
1481	387998
2621	382017
1937	377083
2849	380527
341	299727
2393	278121
569	367943
797	322683
2165	309966
1262	338871
1490	331365
2174	350306
1718	336526
806	374736
1034	323984
122	388183
2858	319551
2630	377083
1946	378199
350	352915
2176	315760
124	346219
2404	382431
352	342057
1492	334753
808	330049
1948	315760
2632	332907
2860	376380
1264	309910
1036	316215
2863	329434
2179	350548
1723	342510
583	284957
811	337628
2635	325554
1039	379793
2407	347449
1267	315760
1495	352549
355	375422
127	382375
1951	343568
1506	387139
2646	388183
1734	334243
1962	366013
366	359924
138	359924
2418	341929
2190	367768
822	314956
2874	377069
1050	360742
1278	320676
2432	324104
608	357758
836	324443
1064	360694
2204	314634
1292	316776
1520	361970
2888	328241
1748	365073
1976	321942
2660	340178
152	352591
380	379793
1761	284957
1077	339381
2901	284793
165	364355
1305	298961
393	343527
2673	377069
2445	341929
849	333485
1989	333732
1538	294097
2678	331326
1766	309663
1994	362122
2906	355498
2450	342489
2222	361570
626	333288
398	249346
854	362838
1082	350844
170	387139
627	362273
1311	279500
1539	350846
171	360930
855	314634
2907	386836
1767	336964
2451	329434
2223	315477
1995	378199
399	364331
2018	357947
422	364303
2246	279765
2474	335311
194	352328
878	330709
2930	350846
2702	325087
1334	363473
1562	344070
650	309663
1790	332460
195	340304
2247	327592
2931	363442
651	375422
879	356743
2019	338333
1107	343839
1335	382927
1563	377083
2703	350846
2475	367768
1791	366145
1571	363011
1799	383197
203	348543
2711	306782
2027	341929
2255	356743
431	342057
2483	350846
887	357019
2939	353172
1115	356743
1343	332487
672	371300
2496	314634
2724	330572
2268	330572
1584	333732
216	340036
1812	371300
900	319551
444	359924
1356	291727
1128	329334
2048	317026
2504	377447
2276	333288
1820	274910
680	351611
452	337628
908	364355
2732	373037
224	354597
1600	363998
232	354882
2740	337628
916	383062
2056	375422
1828	358035
1144	342489
2284	323984
1372	278797
460	338483
4	311863
1153	350844
1381	388816
2065	335379
2749	346346
1609	383062
13	315406
1837	376965
241	297335
2293	334243
697	369413
2521	345179
925	371152
469	364331
1376	345103
2288	323984
1604	387139
8	311081
2744	294097
2060	342798
464	315406
1832	358848
2516	306782
920	333906
692	369630
1148	382375
2529	314666
2757	379793
705	373036
1161	342057
1845	325350
1389	306782
2301	345179
1617	360869
21	356860
2073	361970
249	338192
477	361393
933	349262
258	320602
486	265757
2310	332219
2538	368629
2082	350738
2766	341959
1170	386836
30	369413
942	307216
1398	329334
714	382927
1854	350119
912	337297
1824	342057
1368	353552
1140	321654
228	371300
0	343686
456	324130
684	312769
2736	297335
2508	325266
2052	368272
2752	321654
928	323984
1156	376304
1384	298941
700	345103
1612	364303
16	382129
2296	277567
244	309430
472	326655
2068	341929
2524	299727
1840	299727
2097	261768
45	328241
2553	314956
501	369500
273	326589
1413	361871
1641	372809
2781	324369
957	355045
2325	383299
2304	369618
480	342798
708	343254
2760	351198
2076	392448
1164	376965
1848	341113
1392	291727
936	363977
1620	372502
24	356478
2532	306720
252	272232
1417	326156
2785	347259
961	327285
2101	295605
277	382689
1873	349262
505	300434
49	284717
2329	347259
733	338483
2557	309764
1377	333732
1605	309430
2289	280190
1833	364296
237	316622
2745	324449
465	280190
2517	367405
9	346346
921	388816
1149	278797
693	364355
1627	342798
2083	298941
1171	372809
2311	304141
31	335311
715	365887
943	377083
259	332346
1399	317819
2767	334243
2539	374823
1855	376304
507	334243
1191	363977
1419	362838
1647	347259
51	366145
963	365993
2787	317026
279	348543
2103	358035
1875	324866
2331	358460
735	332729
2559	364331
2753	380612
1157	391881
1841	362244
1385	371300
1613	372502
2525	298727
17	335712
245	321942
473	376292
2297	335311
701	314956
2069	299860
482	350844
2534	383197
710	358848
2762	307216
938	360836
1166	350846
1394	310582
2078	363442
1622	378199
1850	363011
26	328241
254	353552
2112	371594
288	309663
516	350844
744	366145
972	367768
1884	367943
2796	309430
1200	359531
1428	324180
1656	343527
2340	295004
60	372730
718	330049
490	315477
34	362838
262	376292
2086	293566
1174	343914
2542	265757
1402	268255
1858	377447
1630	343839
946	354443
271	369630
2779	353172
499	369588
2551	327975
727	337628
2323	303911
1639	375472
43	299860
1411	382927
955	288239
1183	336482
311	365400
83	322521
1907	289932
1223	254013
2819	327357
2135	306782
2591	307447
767	385916
1451	346436
1679	352830
736	388724
2560	368629
964	336482
508	387366
1420	368272
1648	353401
280	374625
1876	273150
2788	372502
2104	240777
52	315477
2332	332219
1632	376304
2544	254106
36	349965
2088	300976
492	299860
2316	330049
720	309524
264	318702
2772	341929
1176	354597
948	344404
1404	367768
1680	299479
2592	362122
1908	325554
84	314634
2364	353051
1224	361393
996	326589
540	338574
312	306782
768	334753
2820	284957
2561	346219
965	330354
737	356860
1193	299727
1421	380612
1649	330709
2789	369500
1877	376292
281	377049
2105	371142
2333	273150
53	365073
2336	376921
740	374823
968	359531
2108	392408
1196	358035
2792	368647
1424	344127
1880	326132
1652	264935
56	341118
2564	340036
284	370586
2368	305451
1912	383197
1456	348366
1684	370586
316	364331
772	343254
2824	369588
1000	345179
2596	349262
2140	296271
88	326132
738	299860
966	344608
2790	338192
1194	379793
2562	325350
1422	321654
1650	327357
2334	329546
1878	352549
2106	284964
54	372730
510	382375
2144	366013
320	361871
548	353051
776	356478
1004	392448
2828	287097
1916	341959
1232	343697
2600	309966
1688	338871
2372	368759
92	298941
2337	376921
2565	367405
513	339381
2793	372645
1197	309676
2109	334753
1425	338574
1653	378199
1881	358035
57	301264
285	346219
741	383406
289	332750
2797	331326
517	354282
2113	362838
2569	369588
973	385916
61	329546
1201	315406
1429	362838
745	384933
1657	382375
1885	324866
2341	330572
523	343697
67	307051
1891	366145
295	376965
2119	334709
751	330604
2803	344608
1207	333288
2575	343914
2347	340178
1435	346388
979	287728
1663	361871
1920	369588
2832	343254
324	361871
552	350844
780	294097
2604	382934
96	386836
1008	377083
2376	374625
1236	325643
1464	349663
2148	336421
1692	383406
1218	346346
534	299860
1446	388724
1674	296639
2130	362122
78	388183
306	372809
990	333288
2358	349262
762	314956
1902	278797
2586	372809
2814	336509
1248	382431
2160	368272
2844	381227
1704	332487
1932	367405
108	341959
336	332219
2616	333617
564	363977
792	310582
2388	350918
1020	322683
2587	350548
1219	347894
1675	335193
1447	388183
307	298235
535	334709
79	385916
1903	348543
2131	327357
2359	339205
763	334243
2815	346219
577	384933
805	288402
2401	379379
2857	306782
1261	344608
2173	377069
1945	388183
1489	353172
1717	328241
1033	348711
121	316215
349	391881
2629	345103
2369	298937
773	359531
545	307216
1001	322683
2825	369500
2141	343697
1457	284957
1685	362273
1913	382017
89	372507
317	309764
2597	391881
1953	369413
2181	316776
1041	352328
129	327285
585	362838
813	336526
2637	335193
2865	289932
1269	297335
2409	350119
1497	354597
1725	308341
1249	317026
1477	375422
1705	375190
109	343111
1933	380527
1021	374823
2161	370586
565	371300
793	353051
2617	325554
2845	332698
2389	340970
1024	338483
112	352328
1252	335379
1480	383593
2620	342489
1708	361393
1936	314634
568	328817
340	328817
2392	366013
2164	314634
796	241908
2848	367768
1730	366145
134	365887
2642	343997
590	316215
1046	292097
1958	387470
1502	327285
1274	321942
2186	364303
362	350918
2414	306865
802	288402
1030	385916
2854	368104
1258	324325
1486	368629
1714	352915
574	359531
1942	340036
2170	367405
346	342227
118	343914
2398	370586
1602	336183
918	363998
6	376304
234	352591
2514	297995
2286	304810
690	374736
462	336183
2742	329546
1146	382375
2058	360694
1374	384933
1282	347259
2878	346388
598	299860
1510	360889
1738	335193
370	354834
1966	309764
2194	324443
142	387470
2422	387139
826	345179
1054	354282
2171	366145
2627	383197
2855	332750
1259	351611
1487	352549
803	343697
1715	357382
1943	240371
1031	334753
575	334243
347	315406
119	371152
2399	376965
2066	371100
1838	333288
14	377447
2294	350119
470	376292
242	354597
698	362909
1382	310582
1610	375190
926	352830
2750	296326
816	324443
132	343839
360	367943
588	368104
2412	333732
2640	296271
2184	326631
1044	346219
2868	280609
1272	342498
1956	361970
1500	377069
144	360889
1056	322683
1968	345179
2196	359924
2652	353051
828	325087
1512	319551
600	368629
1740	338333
2424	280190
1284	342489
1504	338333
592	365400
2188	310582
2644	326132
1732	346346
2416	376304
1276	350306
136	375472
364	376219
2872	383062
1048	343892
1693	307216
1921	363011
2605	276799
97	316764
2149	315477
1009	342510
553	336482
1465	284717
781	327975
2377	347496
325	362776
706	275634
1846	329447
2758	361970
1162	335311
2530	322521
1390	372809
1618	357382
478	286278
22	363977
934	365400
250	361393
2074	311747
2302	382689
2658	324443
1974	334753
2886	369588
1290	335193
834	350548
1518	279500
1746	336509
2430	363011
150	329434
2202	313164
1062	347496
606	392448
913	372730
1	330709
1825	346160
229	374625
685	326132
457	265757
1369	374736
2281	373612
2053	358848
1597	350918
2509	379793
1696	340036
784	369630
100	337628
328	326655
2380	359924
556	279500
2608	377049
2152	347496
1012	387470
2836	327285
1240	382375
1924	358199
1468	368647
2431	323504
835	358848
1063	384933
379	340178
1291	328817
1519	338871
2887	265462
2659	352549
1747	353172
1975	323388
2203	343111
151	374979
607	340178
1856	357019
32	386836
944	382375
2084	309966
488	375120
2540	391881
716	336509
2768	336509
2312	353552
1172	354882
260	316776
1628	319551
466	323388
1378	277668
238	377447
694	343697
2518	378199
10	361970
1834	358199
1606	339381
1150	299479
2062	317685
1473	329434
1701	265699
561	332508
1929	368910
333	268255
2157	338716
2385	374823
105	363998
789	329321
2841	322521
1017	350738
1245	373036
2613	366013
2754	298050
2070	341929
1158	343361
1842	362122
1614	371594
18	323984
2526	277567
246	327285
474	356743
2298	289932
702	372809
930	360836
386	381227
614	322053
2438	383197
1982	324443
842	363473
2210	256761
2894	332219
1298	353552
1070	284684
1526	289932
1754	368272
2666	307216
158	364355
1408	281145
2320	354597
1636	299479
1864	307216
268	350738
2092	359924
496	317026
2776	301637
724	341576
40	335379
952	309966
2548	372502
1180	324866
1950	362909
2178	372502
1266	326132
1038	360930
1494	321654
1722	329321
810	358848
2406	294097
582	360694
2634	369500
126	380612
1314	364296
630	262014
1542	329350
1770	363602
1998	329546
174	370223
402	353051
1086	343914
2454	360694
858	321942
2682	374837
2910	380612
481	341576
2533	327231
2305	330709
937	387780
1165	361570
253	355045
1393	333288
25	343111
1621	341959
2761	279500
1849	358848
2077	365400
709	327357
2563	377083
2791	327231
55	377447
1423	360930
2335	334709
1651	355045
739	352915
1195	304141
1879	363442
283	346388
2107	328817
511	341576
1729	323984
133	373612
817	323244
361	325350
2413	343686
589	325350
2641	365073
2869	317026
2185	322521
1273	364296
1045	360889
1501	289932
1957	329321
2688	346219
2916	383197
1320	346388
2460	382689
1548	357382
2004	297335
1776	328241
2232	361970
180	326589
408	338483
1092	278797
636	377049
483	331617
2535	355045
711	343686
2079	368104
2763	342510
939	365887
1167	356860
27	334003
2307	338871
1623	288402
1851	371594
255	298941
643	288402
871	327975
1099	321654
2695	335379
2011	368910
1327	336526
1555	336485
415	330709
1783	352272
2923	376380
187	387780
2239	329334
2114	365035
518	308659
2342	378199
974	367405
2570	298941
290	363011
2798	336509
1202	325350
62	322692
1430	364355
1658	354282
1886	327357
1280	268255
2192	353172
1508	310531
2876	347894
1736	362273
1964	324180
140	336183
368	339205
824	334709
596	315760
2648	392448
2420	303225
1052	331326
1410	319551
726	368272
1638	277567
42	332750
2322	353323
270	327231
954	387139
498	329321
2094	298235
2550	341118
2778	340178
1866	363473
1182	369413
2240	307027
416	322521
644	338871
872	339381
2924	343997
1100	315477
1328	354882
2696	339205
1556	343997
1784	383299
2468	352830
2012	334753
2656	372507
832	339381
1060	380612
1288	381227
2428	348543
1516	383593
1744	376380
2200	367768
148	285807
376	376380
1972	358848
2884	381084
604	368245
65	371100
977	363998
293	326655
1889	332487
2345	383062
2573	353729
749	358848
2801	317080
1205	374837
521	304141
1433	374823
1661	350306
2117	324443
272	384933
1184	290129
1412	392448
2552	315477
2096	383299
1640	354999
2324	375422
956	383299
1868	358035
500	358199
44	378199
2243	360836
2471	353051
2699	360930
647	356860
419	366145
1103	282493
2927	368629
1331	353552
1559	322322
875	319551
1787	343486
2015	353729
384	347496
2208	382431
2436	338871
2664	361871
1980	375422
2892	292496
1068	374625
1296	314634
840	371100
1752	380612
612	315406
156	341118
1441	347259
1669	358199
2353	336183
73	365400
2809	271661
301	326132
2125	363442
529	349663
757	366013
1897	356860
985	341576
1213	268222
2581	376921
1121	298941
1349	315131
209	342057
1577	326655
1805	364303
2717	392448
2033	345103
2261	354282
2489	383406
665	348543
893	342259
437	376380
1186	371152
2326	314956
1414	360930
1642	330572
2098	316215
1870	298941
274	353552
46	294097
502	365887
2554	381227
730	277567
958	387470
2441	329334
2897	350846
1301	364303
389	382689
161	380612
2213	323984
1529	362838
1073	361570
1757	280190
2669	288402
845	368272
1147	362244
691	375472
235	357382
2287	369500
463	343527
1831	304141
7	299613
2743	337628
2515	273150
1375	350738
76	336509
304	341929
532	306782
2356	383062
760	373612
2812	316776
1672	379379
1444	343697
988	371300
1216	346388
1900	383197
1287	278120
1971	368104
603	273130
1059	343254
147	381227
2655	291727
375	356478
2427	315477
2199	350846
1515	362909
1743	324866
1155	329434
243	299860
1383	350844
15	346219
1611	382927
1839	376304
2067	268255
2295	360694
927	366117
471	353729
699	370586
2523	356860
2751	346702
1760	299727
2672	364296
164	383593
392	310582
2444	383593
620	347894
1988	330049
848	360930
2216	303825
2900	387139
1304	335311
1076	324866
1532	317026
163	375190
391	368104
2671	376380
619	316776
847	365400
2899	361570
1303	342489
1531	315760
2443	359924
2215	318739
1987	377049
1759	360694
994	309764
310	351611
2818	377083
1222	342510
1450	379379
82	362838
1678	337628
1906	296271
766	350548
2134	329324
2362	373612
538	341959
2590	355045
707	316328
2531	342489
935	371152
1163	382017
2759	304141
2303	332487
1619	327975
251	338871
1847	369630
23	324180
2075	356860
479	314956
2911	323388
403	273123
2455	338574
2227	343997
631	391881
2683	297627
1315	296271
859	309764
175	299727
1087	364303
865	299727
1093	314634
2689	309430
1321	307216
1549	379379
637	332750
1777	349262
181	386836
409	317606
2233	340036
2005	340036
2461	332750
2917	336502
1088	363011
2000	337336
1316	330572
1544	352328
860	377049
2912	364355
176	316215
632	335311
2228	291727
2456	339381
404	385916
2684	369588
2609	364331
557	310582
2837	361970
1925	315131
2381	356478
1241	344648
2153	387780
785	315131
1697	353729
1469	385916
1013	366013
33	369584
2085	362244
1857	374837
489	345179
2541	352830
717	331326
945	336509
1173	350844
2313	327285
2769	336526
1629	315760
261	278797
867	288724
2919	350918
639	338192
1095	315131
1551	392448
1779	236416
2235	325554
2007	280921
1323	294949
411	342489
183	341118
2463	361570
1793	319142
197	358524
881	329546
425	366013
2477	368272
653	382017
2705	346346
1109	352272
2933	330572
2249	375422
1337	359531
1565	355045
2021	376292
102	351611
1926	377043
2154	341959
2610	325087
558	341576
786	388183
2382	358199
2838	309764
1014	343997
1242	332487
330	350178
1470	358199
2016	347894
192	386836
420	296670
2472	329321
2928	352591
2700	295265
876	328817
1104	360889
648	343697
1332	326655
1560	345837
2244	328817
1788	344608
2480	383593
1796	376965
200	298937
428	298937
2252	365887
656	345103
1112	343111
884	325350
2024	377083
2936	346417
2708	358848
1340	329546
35	372502
1631	360930
2087	343997
1403	315745
263	377447
2543	376965
2771	349262
1175	326589
1859	353401
719	358035
947	353729
491	316215
1570	313960
2938	339381
2710	352549
1798	353172
2026	338483
2482	385916
430	372507
658	373612
2254	343839
886	326589
1114	371300
202	337297
1342	352272
673	350844
2497	343839
1813	298937
901	357250
2041	338192
1129	315477
217	278477
1585	306371
2269	363998
445	377069
2725	382375
1344	268255
2256	291727
1572	343254
1800	353401
2028	354882
204	364355
432	309430
2712	278819
660	340178
2940	372730
888	333412
2484	362244
1116	325232
2576	350306
296	367768
752	309663
2804	294097
2120	356478
2348	355045
1208	308166
524	326655
980	378199
1892	387780
791	380612
563	323388
2387	332750
107	336509
2615	334018
2159	324213
2843	352915
1931	316854
1703	279500
1475	352830
1247	376380
960	343839
1872	336889
1188	349663
1416	343997
2556	364355
1644	363977
48	375472
2328	327357
276	368647
504	368910
2100	363473
732	327231
2784	371100
1665	306782
297	344608
2577	299221
2805	347593
753	332750
2121	391881
981	309430
1209	340036
2349	360930
1437	372507
69	335379
3	383406
2055	374625
231	321654
2511	251065
915	361570
2739	343527
2283	379793
1143	344608
1827	336526
1371	314634
687	242940
459	352328
1599	345103
2571	350119
2115	376292
2343	368910
519	343254
291	350918
747	365073
63	353172
975	382842
1203	291727
1431	342798
1659	298937
2799	365073
1887	332750
2513	343914
461	298235
2057	363011
5	358199
1601	328817
689	296681
233	322521
1145	369500
1829	375190
2285	360930
2741	343737
1251	300444
1023	344608
1479	365073
795	321654
567	315477
1707	373036
111	360889
339	328817
1935	328035
2391	343697
2619	367768
2847	374736
1667	339205
1895	334709
983	352591
2807	361570
2351	334709
2579	309966
1211	343839
755	362909
299	339365
71	367768
527	363011
1439	350738
64	347259
1888	367943
1204	333732
748	330049
1432	338333
2116	336183
976	362776
1660	388183
2800	381227
2572	363977
2344	299949
1152	352272
2064	334709
1380	365073
1608	369630
924	388724
12	243464
240	332213
2520	325554
2292	330884
696	340178
468	332487
2748	354597
1122	363011
2262	330572
1350	334753
1578	353323
210	296670
1806	382375
2034	350495
2718	360930
438	382017
666	379379
2490	388724
894	361871
1616	335311
248	387780
704	329434
2756	364331
2300	382017
1844	361970
1160	329334
932	278797
1388	343111
476	316541
20	362909
576	323388
2400	380527
2628	350844
2856	363442
2172	336482
1260	364296
1488	374837
120	326132
1716	298937
1032	314956
1944	377083
804	379379
348	364303
1905	358199
993	388816
537	376304
1221	369588
81	338871
2361	371300
309	351611
2817	342057
1677	338333
765	379379
895	348436
1579	271457
211	277796
667	325087
1123	352328
439	345103
1351	380612
2719	343527
2491	371594
2263	315406
1807	298937
1131	337628
1359	340473
675	352591
1587	352549
447	327231
219	298941
2727	361970
2043	370586
2499	350119
2271	371594
2081	347496
2309	337628
257	383406
2537	345103
29	381227
2765	341576
941	343839
1169	330049
1397	336526
713	374625
1625	369413
1853	369413
485	331867
2593	377447
1453	372507
1909	377049
2137	358848
1225	362273
313	367405
769	354597
541	341959
2365	346388
85	338574
2821	338614
905	383299
449	340275
1133	384933
1589	363442
2273	355543
1817	391881
2501	330572
2045	376380
221	383062
677	338192
2595	362909
1683	338574
999	342510
1455	374823
1227	315131
87	383406
543	352915
771	377069
315	321942
2367	360889
1635	288402
2547	363473
1863	368647
2091	349663
2775	342489
2319	368629
723	330049
495	298235
951	343686
267	361871
39	361393
1179	361393
1270	342510
130	353172
358	383406
1726	345179
2182	297335
2410	353729
1042	364165
2638	342510
586	294097
814	353401
1954	300431
1643	351611
2099	307216
1415	300715
503	360836
2327	375472
275	362776
2783	257177
1187	334243
731	350918
2555	362244
1871	322521
546	294097
2598	268255
1002	376965
2142	375465
2370	369413
1230	357019
1458	366013
2826	357382
1686	365400
1914	298937
90	374736
318	330709
2124	360729
72	251899
1440	267403
756	373612
984	382689
528	299727
1896	327975
2808	372809
300	361570
1212	377447
2580	335379
962	337297
278	310582
1190	387139
1418	382017
2786	382927
1646	304140
50	296598
734	369630
2102	352328
2330	376304
1874	364305
506	350119
2558	316968
1250	342510
566	352591
1478	368647
1706	350738
110	378153
2162	316215
1934	329321
338	354282
1022	299479
2390	316215
794	298941
2618	356860
2846	324277
547	299479
775	382927
2371	352328
2827	347894
1231	368647
1003	384933
1459	298235
2143	319551
1687	388183
1915	326526
91	338333
319	336509
1503	252692
2871	372730
819	316776
2187	352591
1959	273150
1731	340013
135	339205
591	383593
1275	374837
2415	376921
978	343686
294	346346
2802	319971
2574	345179
750	367943
1206	298937
1434	362244
2346	372507
2118	291304
66	357746
1662	374823
579	342798
807	343686
2631	339168
1035	357019
1947	362122
1491	362251
1263	353401
2403	343914
1719	379379
2175	347650
123	374205
351	380527
2146	387139
550	350119
2374	361871
1006	323388
778	338574
322	372809
2830	368910
1234	348543
1918	361570
1690	369413
2602	387780
94	279500
1438	337297
2578	373612
2350	349899
2122	367943
70	327285
2806	354282
982	360836
754	323388
1210	387780
298	388724
526	347815
2811	342798
1671	322683
2355	341929
75	382431
759	371100
1443	362273
2127	387780
303	329321
531	321654
2583	368910
1899	315406
987	341929
1215	332487
1238	334523
1010	327691
2834	262969
2150	340178
782	325087
326	319551
1922	350548
1466	357382
2378	366145
554	345103
2606	323514
2177	379793
2405	347259
353	338574
2633	329334
1037	288402
1949	343111
1265	325350
1493	356855
809	353172
1721	296670
125	281565
581	316215
2879	352915
2651	285026
1739	382017
2195	342489
1511	377069
2423	382431
1283	377049
371	329434
827	323984
143	374736
1055	336183
214	365400
2722	368647
1126	374837
2038	304141
2266	299479
1582	382689
1354	342144
898	332750
2494	330572
442	335311
783	350548
99	362244
327	333732
555	336315
1011	346346
2607	379379
2835	359924
1239	354597
2379	345103
2151	362273
1923	314634
1467	352830
1695	299479
2270	368104
2042	374625
2498	350306
446	341118
2726	376292
674	388724
1130	345110
1814	363473
1586	363977
1358	322683
902	341118
1027	349663
1255	369630
2167	326132
1711	280190
115	315760
2851	381227
343	359531
2623	376380
2395	356478
571	328241
1939	315131
1483	362244
799	314956
1217	338192
1445	387470
2129	342057
1673	323984
1901	325554
77	350738
989	350738
305	346346
2357	333288
2585	352272
761	346376
2813	321654
533	296670
2049	355668
453	343997
1821	338871
1365	362273
225	343686
2505	372502
1137	278797
909	310377
681	372507
2733	357850
2145	322683
549	353051
2829	373612
321	380527
2601	332219
1689	385916
777	365887
1461	350844
1917	329126
93	328817
1005	353552
2624	327975
800	336482
2852	361393
1256	304141
1484	343111
1712	384933
2168	325350
116	324443
344	356478
1028	338333
1940	333732
2396	343997
1952	357019
1040	315760
2180	339381
2636	365400
356	377049
1496	369630
812	325554
2408	371152
1268	368910
1724	309663
2864	343527
2197	359924
145	342133
1285	352915
373	336653
601	383394
1969	355045
1513	342798
1057	344608
2653	349262
2881	336509
2425	250343
560	368910
1472	387470
2384	376292
2612	350846
1016	309966
332	315131
1928	363977
1700	363473
2156	326589
2840	351175
2625	309430
2853	360694
801	362244
1257	392448
1485	344608
2397	273150
1713	299479
1941	268255
345	297973
2169	291477
1029	343254
573	336183
117	341576
1043	383593
815	329334
587	388183
1955	352830
2183	296670
2411	386836
2639	329334
131	343686
1271	334753
2867	338192
1499	363473
1727	323388
1474	366013
562	376304
334	353552
790	365887
1246	374823
1018	327285
2614	325087
2386	323388
1930	372809
2158	327975
1702	354597
1281	357019
1509	330709
369	360694
1737	383299
141	332219
1053	316776
2193	384933
597	382927
825	329321
2649	302421
2877	383299
2421	285853
2657	357382
1061	368910
2429	334063
2201	354882
377	316776
1745	330049
1517	387470
1289	380527
605	325554
833	331326
149	356743
2850	339381
2166	327357
1254	296271
1482	364296
1026	363939
114	383406
1938	332487
2622	327231
342	279500
570	346346
2394	383593
798	377447
382	280190
1522	388816
2434	350306
610	284717
1294	327975
2662	243978
1066	329546
1750	333288
2890	353729
1978	299479
2206	298937
1514	273150
146	296670
830	382689
2654	369588
2198	310582
602	308104
1286	326655
2882	342798
2426	340178
1742	324180
1970	369500
395	343686
1991	355045
623	371100
2219	325087
2447	388816
2675	354722
1763	375190
2903	362838
1079	326017
851	352328
1307	358035
167	361970
1505	316215
2417	382017
137	307216
2189	367943
365	310582
1961	362244
821	352591
593	371152
1049	382431
2873	320615
1277	383593
2645	307772
609	314956
837	317026
2433	376292
1065	352830
1293	289269
2889	369630
381	356478
1521	352591
1749	330709
1977	377049
153	386836
2205	346388
2661	354282
2449	358199
625	348543
1537	387470
853	353051
169	354153
397	331105
1993	291059
2905	335193
2221	362776
2677	346219
1765	387780
367	291727
1507	336482
1051	347894
1735	336526
2647	337297
139	383197
1963	360836
2191	376965
595	362909
2419	388724
823	374823
2875	371100
1279	338192
2667	374625
387	327975
1527	372730
1755	365073
2439	376921
1299	349398
1071	366145
1983	374625
159	317419
615	383197
2895	362284
2209	327231
2437	346219
385	361871
2665	334753
2893	347496
1069	343254
157	325087
1297	287625
1525	318003
841	368647
1753	356743
1981	351611
613	329434
2002	297335
2914	347894
2230	372502
1318	310582
1546	283026
1090	353051
1774	356478
178	337297
406	342505
2458	315406
634	373595
862	338574
611	273150
839	347894
2891	316894
2663	350119
1979	339205
1523	331326
1295	356743
1067	330049
2435	364296
155	349663
1751	342510
2207	341576
383	326589
1319	284122
635	342057
179	328241
407	347259
2915	334709
1547	283472
1775	375190
2003	331269
863	284957
1536	317026
2448	336183
1764	338574
1992	357019
2220	324892
396	328241
624	343527
168	279537
2676	235260
1080	354882
2904	329546
852	350306
1308	311625
162	265757
390	337297
2214	366013
2442	353729
2898	332219
2670	343914
1074	288402
846	368629
1302	338483
1530	296229
618	377069
1758	380527
160	363819
2896	356926
1984	341576
2440	359924
844	327357
388	309966
2668	383299
1072	321654
616	338574
1300	280190
1528	391881
2212	373036
1756	369588
198	357019
882	368629
1794	376921
1566	336526
2478	352591
2022	362776
2250	369500
426	371100
2934	296271
2706	388816
654	334553
401	284717
2225	343254
629	376965
2681	368104
1769	367768
2453	324443
857	352915
1997	357019
173	387780
2909	280190
1762	321942
166	353051
1990	277567
394	326655
2446	325350
2674	374736
2902	350918
622	368104
1078	325554
1306	335311
2218	309663
1534	352549
2935	310284
883	363998
2707	362909
2251	382927
2023	362909
1111	354282
1339	265757
655	368647
427	298235
199	350306
2479	374736
640	350846
2692	315760
1096	349663
412	342798
1324	305187
1552	324866
184	363473
1780	315406
2008	338483
868	372507
2236	309764
2920	325554
1089	349663
1317	382689
2001	306214
1545	383062
1773	362273
2685	356478
177	297788
405	265757
633	352830
2457	324443
861	324180
2229	343111
400	359531
2680	365887
172	315131
2452	265757
856	289252
2908	322683
2224	319551
1084	327231
1768	360350
1312	326132
1346	354282
662	335379
1574	319551
1802	335311
1118	356743
434	343924
2030	276167
2258	372507
206	334753
2486	284957
890	364303
2714	372730
2942	296670
2242	268076
2926	288971
1558	327975
2470	368647
1786	326655
2698	321942
874	368910
1330	350119
190	328817
2690	341367
2006	352272
1094	371594
1322	374837
866	340178
1550	391881
1778	367340
2918	324866
182	360889
2234	362776
638	317026
410	363011
2462	309663
896	296271
2720	336907
1124	357382
1352	343839
2492	372730
1580	336175
1808	378199
440	342639
212	289932
2264	372502
2036	324180
668	382375
2709	362122
657	334532
885	352272
1797	284717
1113	375472
2937	340036
2481	350738
2025	349663
1341	374736
429	338192
2253	376292
645	379379
1329	322521
2241	361871
2469	334709
873	380527
1785	367943
2013	284957
1557	299860
189	321942
1101	364331
2925	281835
193	287218
2245	324236
2017	354882
2473	350616
2701	363977
877	362776
2929	333288
1333	337297
649	346346
1561	363473
1789	358035
421	367405
1347	353729
1575	283551
1803	371100
663	351611
435	380527
207	309430
2031	330709
2259	276459
2487	341959
891	383593
2715	343839
1119	338871
2465	299727
2693	388724
1097	374736
1325	375472
413	357382
1553	362773
1781	383406
2921	369413
2009	332219
2237	376304
185	332487
869	392448
1120	290820
208	289932
2716	363442
1348	288402
2032	241876
1804	335193
1576	364296
2488	309966
2260	372730
436	335379
892	356743
451	383299
2731	352915
2275	284475
2503	309764
1819	374823
1591	329321
1363	347259
2047	315131
679	330407
223	384933
1135	333732
2267	377069
1127	364355
1355	352830
2723	352549
1583	280094
1811	345179
2495	362122
2039	359531
443	375422
899	353124
215	341118
671	361570
2278	350693
226	309663
1138	304141
1366	338333
454	329483
2506	386836
1822	382689
682	368272
910	382017
2466	332750
2694	323984
870	326132
1098	380612
2922	363442
1326	352549
1554	341343
2238	371594
1782	299860
2010	343914
186	353172
414	351611
2272	350846
448	352549
1360	279500
676	353729
1132	304141
2728	282977
2500	368104
220	371152
2044	362838
1588	327231
1792	338483
2704	332219
2020	346219
424	309663
652	343914
2476	335193
880	375256
2248	321942
1108	370586
1336	383062
2932	387139
1564	273107
1345	353401
1573	329546
2941	374625
433	341929
1801	325073
2029	329546
205	324443
2257	315477
661	377049
2713	388816
889	326527
1117	338483
2485	350274
669	373612
1809	237212
213	336183
441	385916
1353	373036
2493	367943
2265	368272
2037	309764
2721	338483
1581	343697
1125	309663
450	291727
2502	298235
678	350306
2730	292100
2274	355971
1134	336183
1362	364296
2046	330049
1590	326655
1818	358199
906	387470
222	334243
1823	329321
1595	294097
2051	277567
227	388816
455	370586
683	357323
911	275054
1139	360694
1367	315406
2735	299860
2507	333732
2279	338333
