0.2	1.0	0.6	0.1	73
1.0	1.0	0.9	0.9	74
0.2	1.0	0.3	0.7	75
0.4	0.4	0.1	0.1	76
0.6	0.8	0.5	0.1	77
0.2	1.0	1.0	0.6	78
0.2	0.8	0.5	0.3	79
0.8	0.6	0.1	1.0	80
0.6	1.0	1.0	0.0	81
0.2	0.8	0.2	0.1	82
0.8	0.8	0.1	0.0	83
1.0	0.6	0.5	0.0	84
0.8	0.8	0.2	0.1	85
0.8	1.0	0.3	0.0	86
0.6	1.0	0.8	0.6	87
0.8	0.2	0.1	0.2	88
0.2	0.4	0.6	0.4	89
0.2	0.6	0.6	0.6	90
1.0	0.6	0.6	0.2	91
0.6	0.2	0.8	0.0	92
1.0	0.8	0.6	0.1	93
0.2	0.2	0.8	1.0	94
0.8	0.8	0.3	0.5	95
0.2	1.0	0.8	0.3	96
0.6	0.2	0.1	0.6	97
0.2	1.0	0.1	0.1	98
0.4	0.4	0.6	0.5	99
1.0	1.0	0.7	0.1	100
0.8	0.4	0.0	0.9	101
1.0	1.0	0.5	0.2	102
0.2	1.0	0.8	0.0	103
0.4	1.0	0.8	0.9	104
0.6	1.0	0.7	1.0	105
0.4	0.8	0.6	0.9	106
0.4	0.4	0.5	0.1	107
0.4	0.4	0.8	0.8	108
0.8	0.6	0.8	0.8	109
0.6	0.8	0.1	0.5	110
1.0	1.0	0.7	1.0	111
0.4	0.4	0.2	0.2	112
0.6	0.2	0.2	0.2	113
0.6	1.0	0.3	0.6	114
1.0	0.8	0.3	0.0	115
1.0	0.4	0.4	0.1	116
0.6	0.4	0.9	0.7	117
0.2	0.2	0.5	0.2	118
0.8	1.0	0.8	0.8	119
0.8	0.2	0.5	0.2	120
0.4	0.4	0.7	0.0	121
0.2	1.0	0.5	0.6	122
0.6	1.0	0.1	0.8	123
0.8	0.4	0.1	0.4	124
0.6	0.8	0.0	0.8	125
0.2	0.6	0.9	0.3	126
0.4	0.8	0.1	0.6	127
0.8	1.0	0.1	0.9	128
0.6	0.2	0.9	0.2	129
0.2	0.2	1.0	0.4	130
1.0	0.6	0.4	0.7	131
0.8	0.6	0.9	0.2	132
0.4	0.6	0.8	0.6	133
0.2	0.8	0.4	0.8	134
0.8	0.4	0.7	0.6	135
0.2	0.8	0.4	0.7	136
1.0	0.2	0.4	0.6	137
1.0	0.8	0.3	0.4	138
0.4	1.0	1.0	0.3	139
0.8	0.4	0.6	0.2	140
0.8	1.0	0.9	0.0	141
0.4	1.0	0.7	0.6	142
0.2	0.6	0.4	0.6	143
1.0	1.0	0.9	1.0	144
0.4	0.6	0.0	0.5	145
0.4	0.2	0.8	0.8	146
0.6	1.0	0.4	0.7	147
0.4	0.8	0.0	0.8	148
0.2	0.6	0.4	0.1	149
0.8	0.4	0.6	0.8	150
0.4	1.0	0.1	0.8	151
0.6	0.4	0.8	0.3	152
0.2	1.0	0.9	0.3	153
0.8	0.4	0.1	0.0	154
0.8	1.0	0.4	0.1	155
0.4	0.6	0.7	1.0	156
0.4	0.2	0.6	0.6	157
1.0	0.8	0.0	0.9	196
0.2	0.4	0.0	0.3	197
0.6	0.6	0.9	0.7	198
1.0	0.6	0.4	0.6	199
0.4	0.2	0.6	0.0	200
0.6	0.8	0.0	0.9	201
1.0	0.6	0.9	0.8	202
0.4	0.8	0.7	1.0	203
0.8	0.8	0.9	0.7	204
1.0	0.4	0.2	0.1	205
0.2	0.6	0.4	0.0	206
0.8	0.4	0.2	0.0	207
0.6	0.4	0.7	1.0	208
0.6	0.4	1.0	0.2	209
0.4	0.2	0.6	0.8	210
0.8	0.4	0.0	0.8	211
0.6	0.4	0.3	1.0	212
0.8	0.4	0.3	0.2	213
0.2	1.0	0.9	0.1	214
0.4	0.6	0.5	1.0	215
0.2	0.8	0.4	1.0	216
0.4	1.0	0.0	0.8	217
0.6	0.6	0.1	0.9	218
0.6	0.2	0.4	0.0	219
0.8	1.0	0.4	0.8	220
0.4	1.0	0.2	0.7	221
0.6	0.2	1.0	0.4	222
0.4	0.8	0.7	0.5	223
0.6	0.4	0.4	0.4	224
1.0	0.6	0.9	0.7	225
0.6	0.4	0.1	0.0	226
0.4	1.0	0.6	0.5	227
0.2	0.4	0.8	0.3	228
0.8	1.0	0.5	0.4	229
0.4	0.2	0.7	1.0	230
0.6	0.4	0.6	0.2	352
0.8	0.8	0.4	0.1	353
1.0	0.8	0.2	0.9	354
0.4	1.0	0.2	0.8	355
0.4	0.6	0.6	0.5	356
1.0	1.0	0.6	0.9	357
0.6	1.0	0.4	0.6	358
1.0	0.8	0.8	0.9	359
0.6	0.6	0.8	0.4	360
1.0	0.2	0.4	0.2	361
0.2	0.4	0.3	0.7	362
0.8	0.6	0.0	0.9	363
0.4	0.8	0.1	0.7	364
1.0	0.4	0.6	0.0	365
1.0	0.8	0.5	0.4	366
0.6	0.2	0.4	0.8	367
0.8	0.4	0.1	0.6	368
0.2	0.4	0.1	0.6	369
0.4	1.0	0.1	1.0	370
0.8	0.4	0.7	0.8	371
0.6	0.2	0.3	0.9	372
0.4	0.6	0.1	1.0	373
0.6	0.8	0.8	0.9	374
0.8	0.2	0.8	0.4	498
1.0	1.0	0.4	0.5	499
0.4	0.8	0.3	0.1	500
0.4	0.8	0.5	0.8	501
0.2	0.8	0.9	0.8	502
0.4	1.0	0.5	1.0	503
0.8	1.0	0.4	0.3	504
0.4	0.6	0.0	0.0	505
0.8	0.6	0.4	0.7	506
0.6	0.2	0.6	0.4	507
0.4	1.0	0.1	0.6	508
1.0	0.6	0.6	0.9	509
0.4	0.8	0.2	0.6	510
0.6	0.4	1.0	0.7	511
0.2	0.8	0.1	0.9	512
1.0	0.4	0.7	0.5	513
0.4	0.8	0.1	0.2	514
0.6	0.6	0.4	0.6	515
1.0	0.6	0.7	0.4	516
0.8	0.6	0.4	0.3	517
0.4	0.6	0.0	0.7	518
1.0	0.8	0.4	0.2	519
0.6	0.4	0.0	1.0	630
0.2	1.0	0.5	0.4	631
1.0	0.4	0.6	0.2	632
0.6	0.4	0.2	0.5	633
0.4	0.6	0.1	0.6	634
0.6	0.4	0.5	0.2	635
0.4	0.6	0.5	0.5	636
1.0	0.4	0.2	0.6	637
0.4	0.2	0.7	0.1	638
0.4	0.8	0.1	0.0	639
0.4	0.6	1.0	0.1	640
0.6	0.6	0.5	0.9	641
0.6	0.8	0.3	0.9	642
1.0	0.2	0.4	0.7	643
0.6	1.0	0.9	0.0	644
0.4	0.8	0.6	0.3	645
0.6	0.2	0.7	0.9	646
0.4	0.6	0.3	0.8	647
0.4	0.2	0.4	0.4	648
0.2	0.4	0.1	0.1	649
0.6	0.4	1.0	0.0	650
0.4	1.0	0.7	0.8	651
0.2	0.2	0.9	0.2	652
0.6	1.0	0.2	0.4	653
0.6	0.4	0.1	0.8	654
0.2	0.4	0.6	0.5	655
0.8	0.4	0.8	0.3	656
1.0	1.0	0.0	0.4	657
0.4	0.6	0.5	0.6	658
1.0	0.2	0.7	0.9	659
0.2	0.8	0.9	0.0	660
0.4	0.6	0.1	0.5	661
0.2	0.4	0.2	0.8	662
1.0	1.0	0.9	0.2	663
0.4	0.4	0.3	0.9	664
0.4	0.8	0.8	1.0	665
0.4	0.8	1.0	0.3	666
0.4	0.2	0.7	0.6	667
0.4	0.8	0.7	0.6	668
0.4	0.6	1.0	0.6	669
1.0	0.8	0.3	0.9	670
0.4	1.0	1.0	0.1	671
0.2	0.4	0.3	0.3	672
1.0	0.6	0.2	0.4	673
0.2	0.8	0.8	0.4	674
0.6	0.4	0.6	0.3	675
1.0	0.8	0.4	0.3	676
0.4	0.8	0.5	0.0	677
0.2	0.2	0.7	0.1	844
0.8	0.8	0.3	0.6	845
0.6	0.8	0.8	0.8	846
0.2	1.0	0.5	0.1	847
1.0	1.0	0.5	0.3	848
1.0	0.8	0.0	0.3	849
0.4	0.2	0.5	0.9	850
0.4	0.4	0.8	0.2	851
1.0	0.6	0.7	0.6	852
0.2	0.2	1.0	0.3	853
0.2	0.8	0.7	0.1	854
1.0	0.6	0.1	0.0	855
0.4	0.4	0.0	0.0	856
0.8	0.8	0.1	0.2	857
0.6	0.6	0.1	0.0	858
0.2	0.2	1.0	0.7	859
0.4	0.6	0.9	0.5	860
0.2	0.6	0.5	1.0	861
0.8	0.8	0.3	0.1	862
0.8	0.2	0.5	0.8	863
0.8	0.4	0.7	0.9	864
0.6	0.2	0.8	0.7	865
0.2	0.8	1.0	0.0	866
0.6	0.2	0.0	0.7	867
0.2	0.4	1.0	0.4	868
0.2	1.0	1.0	0.5	869
0.8	0.2	0.6	0.2	870
0.6	0.2	0.1	0.5	871
1.0	0.4	0.4	0.5	872
0.2	0.6	0.5	0.5	873
0.8	1.0	0.8	0.3	874
1.0	0.2	0.5	0.5	875
1.0	0.8	0.1	0.1	876
1.0	1.0	0.5	0.8	877
0.2	0.2	0.2	0.6	878
0.2	0.6	0.5	0.1	879
0.2	0.8	0.1	0.7	880
1.0	0.2	0.2	0.3	881
0.6	0.8	0.7	0.8	882
0.6	1.0	0.8	1.0	883
1.0	0.2	0.2	0.2	884
0.2	0.6	0.3	0.8	885
1.0	0.6	0.7	1.0	886
0.6	0.6	1.0	0.7	887
0.4	0.2	0.0	0.4	888
1.0	0.6	0.2	1.0	889
0.4	0.6	0.4	0.2	890
0.4	0.8	0.8	0.4	891
0.2	0.6	0.6	0.1	892
0.4	0.4	0.0	0.2	893
1.0	0.8	0.1	0.5	894
0.6	0.6	0.1	0.8	895
0.2	0.4	0.9	1.0	896
0.2	0.4	0.7	0.9	897
1.0	0.4	0.4	0.6	898
0.4	0.8	0.0	0.4	899
0.8	0.8	0.9	1.0	1062
0.4	0.8	1.0	0.5	1063
0.2	0.4	0.8	0.6	1064
0.6	0.4	1.0	0.5	1065
1.0	0.2	0.9	0.3	1066
0.4	0.6	0.6	0.0	1067
0.8	1.0	0.7	0.4	1068
1.0	0.8	0.9	0.2	1069
0.8	0.4	0.2	1.0	1070
0.4	0.6	0.6	0.7	1071
0.8	0.2	0.9	0.5	1072
0.4	1.0	0.3	0.1	1073
1.0	0.2	0.9	0.7	1074
0.2	1.0	0.1	0.9	1075
1.0	0.4	0.3	0.8	1076
1.0	0.4	0.6	0.5	1077
0.6	0.4	0.5	0.1	1078
0.4	0.6	0.0	0.6	1079
1.0	0.8	0.9	0.8	1080
0.2	1.0	0.6	0.9	1081
1.0	0.6	0.1	0.4	1082
1.0	1.0	0.2	0.9	1083
1.0	0.2	0.8	0.4	1084
0.6	1.0	0.0	0.9	1085
0.2	0.2	0.4	0.2	1086
0.4	0.6	0.6	0.2	1087
0.2	0.4	0.4	1.0	1254
1.0	1.0	0.5	0.6	1255
0.2	0.2	0.7	0.0	1256
0.2	1.0	0.2	0.5	1257
1.0	0.6	0.0	0.2	1258
1.0	1.0	0.2	0.2	1259
0.6	0.6	0.8	0.3	1260
0.2	0.2	0.5	0.5	1261
0.6	1.0	0.3	0.0	1262
0.2	1.0	0.3	1.0	1263
0.8	0.2	0.1	0.6	1264
1.0	0.2	0.1	0.2	1265
0.8	0.2	0.2	0.2	1266
1.0	0.8	0.1	0.0	1267
0.8	1.0	0.5	0.3	1268
0.4	0.4	0.2	1.0	1269
0.4	0.2	0.4	0.3	1270
0.2	0.6	0.1	0.0	1271
0.8	0.6	0.1	0.8	1272
0.6	0.6	0.7	0.3	1273
0.6	0.6	0.3	0.0	1274
0.6	1.0	0.3	0.8	1275
1.0	0.6	0.5	0.6	1276
0.4	0.8	1.0	0.4	1277
0.8	0.2	0.0	0.3	1278
0.4	0.8	0.4	0.0	1279
0.8	0.2	0.5	1.0	1280
0.6	0.6	0.3	0.7	1281
1.0	0.6	0.8	0.3	1282
0.4	0.6	0.4	0.5	1283
1.0	0.4	0.4	0.3	1284
0.8	0.8	0.7	0.2	1285
1.0	0.6	0.6	0.1	1286
0.2	0.2	0.1	1.0	1287
0.6	1.0	0.7	0.7	1288
0.2	0.6	0.3	0.5	1289
0.6	0.4	0.4	0.8	1290
1.0	0.8	0.3	0.1	1291
0.6	0.2	0.3	0.6	1292
1.0	0.6	0.0	0.7	1293
0.6	0.2	0.2	0.5	1294
0.2	0.6	0.8	0.1	1295
1.0	0.6	0.2	0.0	1296
0.2	0.2	0.0	0.8	1297
0.6	0.6	0.3	0.2	1298
0.4	1.0	0.5	0.6	1445
0.2	0.8	0.7	0.4	1446
0.2	1.0	0.9	0.6	1447
0.6	0.4	0.0	0.6	1448
0.2	0.2	0.1	0.9	1449
0.4	0.8	0.5	0.3	1450
0.6	1.0	0.0	0.4	1451
0.2	1.0	0.7	0.9	1452
0.2	0.4	0.9	0.4	1453
0.2	1.0	1.0	0.4	1454
0.4	1.0	0.3	0.2	1455
0.4	0.8	0.2	1.0	1456
0.8	0.2	0.9	0.8	1457
1.0	1.0	0.7	0.4	1458
0.2	0.2	0.9	0.8	1459
1.0	1.0	0.5	0.9	1460
1.0	0.6	0.3	0.4	1461
0.4	0.4	0.7	0.9	1462
0.6	1.0	0.6	0.9	1463
0.8	1.0	0.9	0.1	1464
0.8	0.4	0.6	1.0	1465
0.8	0.6	0.9	0.6	1466
0.6	0.4	0.3	0.5	1467
0.2	0.4	1.0	0.5	1468
0.2	0.8	0.9	0.3	1469
0.4	0.8	0.7	0.1	1470
0.2	0.4	0.7	0.7	1471
0.4	1.0	0.6	0.6	1472
0.8	0.4	0.8	0.8	1473
1.0	1.0	0.3	0.4	1474
0.6	0.4	0.8	0.5	1475
0.6	0.2	0.0	0.9	1476
0.4	1.0	0.8	0.8	1477
0.2	0.4	0.1	0.5	1478
0.4	0.4	1.0	0.4	1479
0.4	0.8	0.4	0.4	1480
1.0	0.2	0.6	0.4	1588
0.2	0.4	0.3	0.2	1589
1.0	0.6	0.4	0.1	1590
0.8	0.2	0.2	0.4	1591
0.4	1.0	0.4	0.9	1592
0.2	0.4	0.4	0.9	1593
0.2	0.2	0.5	0.9	1594
0.8	0.2	0.9	0.7	1595
0.2	0.6	0.7	0.9	1596
0.2	0.4	0.8	0.7	1597
0.2	0.6	0.9	0.1	1598
0.8	0.4	0.7	0.3	1599
0.6	1.0	0.4	1.0	1600
1.0	0.8	0.9	0.1	1601
0.8	0.4	0.2	0.2	1602
1.0	1.0	0.1	0.9	1603
0.4	1.0	0.9	0.4	1604
0.8	0.4	0.8	0.0	1605
1.0	0.4	0.2	0.5	1606
0.2	0.4	0.3	0.0	1607
1.0	1.0	0.4	0.6	1608
0.4	1.0	0.3	0.7	1609
0.8	1.0	0.4	0.7	1610
0.2	0.8	0.4	0.6	1611
0.4	0.6	0.2	0.2	1612
0.2	0.6	0.4	0.2	1613
0.6	0.8	0.4	0.3	1614
0.4	0.6	0.0	0.3	1615
0.2	0.8	0.4	0.2	1794
0.6	0.6	0.2	0.9	1795
0.6	0.8	0.2	0.4	1796
0.8	0.4	0.7	1.0	1797
0.2	0.2	0.5	0.4	1798
0.4	1.0	0.6	0.3	1799
0.2	1.0	0.4	1.0	1800
0.4	0.2	0.1	0.6	1801
1.0	0.4	0.7	0.2	1802
0.4	0.8	0.3	0.2	1803
0.6	0.4	0.2	0.8	1804
0.4	0.6	0.5	0.2	1805
0.4	0.8	1.0	0.6	1806
0.4	0.2	0.2	0.0	1807
0.6	0.8	0.4	0.5	1808
0.4	1.0	0.0	1.0	1809
0.4	0.6	0.9	0.9	1810
0.8	0.4	0.7	0.5	1811
0.2	0.4	0.5	0.3	1812
0.4	0.2	0.8	0.0	1813
0.6	0.8	0.9	0.2	1814
1.0	0.6	0.8	0.9	1815
0.8	0.8	0.8	0.9	1816
0.2	1.0	0.2	0.4	1817
0.4	0.8	0.6	0.1	1818
0.4	1.0	0.5	0.2	1819
1.0	0.4	0.0	0.8	1820
0.6	1.0	0.4	0.0	1821
0.2	0.6	0.3	0.4	1822
0.8	0.2	0.5	0.4	1823
0.6	0.4	0.3	0.2	1824
0.6	0.8	0.0	0.4	1825
1.0	0.6	0.7	0.9	1826
0.4	0.2	0.5	0.5	1827
1.0	0.8	0.9	0.7	1828
0.8	1.0	0.9	0.7	1829
1.0	0.2	0.6	0.9	1830
0.2	0.2	0.4	0.0	1831
0.8	0.6	0.7	0.4	1832
0.6	0.6	0.4	0.3	1833
0.4	0.8	1.0	0.1	1834
0.8	1.0	0.4	0.5	1835
0.8	0.6	0.6	0.9	1836
0.6	0.8	0.7	0.4	1837
0.4	0.2	0.7	0.2	1838
1.0	0.6	0.0	0.1	2074
0.4	0.6	0.4	0.8	2075
0.2	1.0	0.6	0.5	2076
0.2	1.0	1.0	0.1	2077
0.2	0.4	0.4	0.2	2078
0.6	0.6	0.8	0.5	2079
0.8	0.2	0.1	0.7	2080
0.8	0.8	0.3	1.0	2081
0.6	0.8	0.1	0.1	2082
0.6	0.2	0.3	0.0	2083
0.8	0.2	0.8	0.6	2084
0.4	0.4	0.1	0.5	2085
0.8	1.0	0.0	0.0	2086
0.2	1.0	0.3	0.0	2087
0.6	0.8	0.0	0.7	2088
0.2	0.4	0.4	0.3	2089
0.4	0.2	0.2	0.4	2090
0.8	1.0	0.1	0.1	2091
1.0	0.8	0.9	0.4	2092
0.4	1.0	0.9	0.5	2093
0.2	0.2	0.6	0.8	2094
0.8	0.6	0.4	0.9	2095
0.6	1.0	0.7	0.5	2096
0.2	0.2	0.0	1.0	2097
0.4	0.4	0.3	0.0	2098
1.0	0.2	0.5	0.6	2099
0.6	0.8	0.7	0.2	2100
0.6	0.8	0.0	0.0	2101
0.4	0.4	0.3	0.2	2102
1.0	0.8	0.8	0.7	2103
1.0	0.6	0.0	1.0	2104
0.8	1.0	0.2	0.8	2105
1.0	0.8	0.0	0.0	2106
1.0	0.8	0.5	0.1	2107
0.2	1.0	0.1	0.5	2108
0.2	0.6	0.7	0.0	2109
0.8	0.6	0.0	0.3	2110
0.6	0.8	0.7	0.3	2111
0.6	0.8	0.8	0.3	2112
0.2	0.8	0.8	0.1	2113
0.2	0.8	0.1	0.8	2114
0.4	1.0	0.0	0.2	2350
0.8	0.4	0.2	0.7	2351
0.8	0.2	0.6	0.9	2352
0.8	0.4	0.8	0.2	2353
0.4	0.8	0.0	0.1	2354
0.4	1.0	0.3	0.0	2355
0.4	1.0	0.8	0.7	2356
0.4	0.2	1.0	0.2	2357
0.6	0.6	0.9	0.8	2358
0.8	0.4	1.0	0.6	2359
0.2	1.0	0.4	0.2	2360
0.2	0.4	0.7	0.3	2361
0.4	0.6	0.6	0.6	2362
1.0	0.2	0.0	0.9	2363
0.2	0.2	0.9	0.3	2364
0.6	0.4	0.7	0.6	2365
0.4	0.2	0.2	1.0	2366
1.0	1.0	0.4	1.0	2367
0.4	1.0	0.0	0.0	2368
0.4	0.2	0.1	0.0	2369
0.6	1.0	0.9	0.2	2370
0.4	0.4	0.4	0.2	2371
0.4	0.8	0.1	0.8	2372
0.6	0.8	0.7	0.9	2373
1.0	0.8	0.9	0.5	2374
0.4	0.6	0.8	0.2	2375
0.8	1.0	0.6	0.4	2376
0.8	0.8	0.4	1.0	2377
0.4	0.6	0.3	0.7	2378
0.8	0.4	0.3	0.3	2379
1.0	0.8	1.0	0.4	2380
0.6	1.0	0.4	0.1	2381
0.4	0.8	0.2	0.1	2382
1.0	0.2	0.5	0.4	2383
0.6	1.0	0.9	0.3	2384
0.4	1.0	0.7	0.2	2385
0.2	0.4	0.7	0.0	2386
1.0	0.4	0.3	0.6	2387
0.2	0.4	0.2	0.7	2388
0.4	0.8	0.0	0.5	2389
0.4	0.4	0.4	0.0	2390
0.4	0.2	0.8	0.4	2391
1.0	1.0	0.4	0.4	2392
0.8	1.0	0.0	0.8	2393
0.4	0.8	0.2	0.4	2394
0.6	1.0	0.2	0.1	2395
0.2	1.0	0.2	0.0	2396
0.6	0.2	0.5	1.0	2397
0.8	0.8	0.8	0.5	2398
0.6	0.8	0.9	0.4	2399
0.2	0.6	0.1	0.5	2400
0.4	0.8	0.9	0.3	2401
0.4	0.2	0.1	0.9	2402
0.2	0.2	0.1	0.2	2403
0.2	1.0	0.8	0.7	2404
1.0	0.6	0.1	0.3	2405
0.8	0.2	1.0	0.7	2406
0.8	0.8	0.2	1.0	2407
0.8	1.0	0.3	0.8	2408
0.8	0.6	0.7	0.7	2409
1.0	0.8	0.8	0.3	2410
0.2	1.0	0.3	0.3	2411
0.6	0.2	0.8	0.3	2412
1.0	0.6	1.0	0.7	2413
0.4	0.4	0.0	0.7	2414
0.2	0.8	0.6	0.2	2415
0.4	0.6	1.0	0.4	2416
0.6	1.0	0.4	0.4	2417
0.4	1.0	0.4	0.0	2418
0.2	0.8	0.4	0.4	2419
0.8	0.2	0.0	0.1	2420
0.8	0.6	0.0	0.0	2421
0.4	1.0	0.1	0.4	2422
0.2	1.0	0.7	0.7	2423
1.0	0.2	0.2	0.8	2424
0.8	0.8	0.0	1.0	2425
0.2	0.8	0.1	0.0	2426
0.8	0.2	0.3	0.1	2427
0.4	0.8	0.4	1.0	2428
0.6	0.4	0.0	0.4	2429
0.4	0.4	0.8	0.3	2430
0.6	0.6	0.0	0.1	2431
0.2	0.8	0.0	0.6	2432
0.6	1.0	0.1	0.3	2433
1.0	0.6	0.2	0.6	2434
0.6	0.6	1.0	0.3	2435
0.6	1.0	0.1	0.0	2436
0.8	0.4	1.0	0.4	2437
0.4	1.0	0.4	0.3	2438
0.2	0.8	1.0	0.2	2439
0.4	0.2	0.8	0.5	1718
0.4	0.8	0.1	0.3	1719
1.0	0.2	0.8	0.9	1720
0.4	0.2	0.5	0.8	1721
0.8	0.2	0.7	0.4	1722
0.4	0.2	0.1	0.3	1723
0.6	0.4	0.5	0.0	1724
0.4	0.2	0.0	0.6	1725
0.8	0.4	1.0	0.5	1726
0.2	0.4	0.8	0.0	1727
0.6	1.0	0.5	0.9	1728
0.8	0.4	1.0	0.1	1729
0.4	0.6	0.2	0.7	1730
0.8	0.8	0.0	0.4	1731
0.2	0.4	0.5	0.1	1732
0.6	1.0	0.1	0.9	1733
0.6	0.2	0.5	0.4	1734
0.4	0.2	0.7	0.5	1735
1.0	0.8	0.9	0.6	1736
0.6	1.0	0.4	0.5	1737
0.6	0.4	0.6	0.8	1738
0.6	1.0	0.7	0.4	1739
1.0	0.6	0.9	0.2	1740
0.4	0.4	0.0	0.9	1741
0.2	0.6	0.9	1.0	1742
1.0	0.4	0.6	0.8	1743
0.4	0.8	0.6	0.7	1744
0.4	0.6	0.3	0.0	1745
0.4	0.4	0.9	0.1	1746
0.2	0.2	0.2	0.4	1747
0.4	0.4	0.1	0.4	1748
0.2	0.2	0.4	0.6	1749
0.4	0.2	0.6	0.2	1750
0.4	0.2	0.6	0.3	1751
0.2	0.6	0.4	0.3	1752
0.8	0.8	0.1	0.9	2686
0.8	1.0	0.7	0.9	2687
0.8	0.4	0.9	0.4	2688
0.8	0.4	0.7	0.0	2689
0.6	0.4	0.1	0.7	2690
0.8	1.0	0.3	0.9	2691
1.0	0.8	0.4	0.0	2692
0.2	0.8	0.2	0.4	2693
0.8	0.4	0.1	0.1	2694
0.2	0.4	0.3	0.8	2695
0.8	0.4	0.6	0.6	2696
0.2	0.6	0.0	0.9	2697
0.6	0.6	0.9	0.0	2698
1.0	1.0	0.9	0.3	2699
0.2	0.4	0.1	1.0	2700
0.2	0.6	0.4	0.7	2701
0.4	0.2	0.8	0.6	2702
0.4	0.6	0.6	0.1	2703
0.8	1.0	0.4	0.0	2704
0.2	0.4	0.6	0.1	2705
0.4	1.0	1.0	0.5	2706
0.8	0.8	0.9	0.3	2707
0.8	0.6	1.0	0.4	2708
0.8	1.0	0.9	1.0	2709
1.0	0.6	0.4	0.5	2710
0.4	0.2	0.5	0.7	2711
1.0	0.4	0.2	1.0	2712
0.4	1.0	0.1	0.5	2713
0.4	0.6	0.2	0.3	2714
0.8	0.6	0.4	0.2	2715
0.2	0.4	0.8	0.2	2716
0.6	1.0	0.4	0.8	2764
0.6	0.4	0.8	0.7	2765
0.4	0.4	0.9	0.8	2766
0.6	0.2	0.8	0.4	2767
0.4	0.4	0.4	0.1	2768
0.4	0.2	0.6	0.5	2769
0.8	1.0	0.5	0.9	2770
0.6	0.6	0.4	0.8	2771
0.4	1.0	0.1	0.0	2772
0.4	0.2	0.2	0.7	2773
0.4	0.2	0.4	0.9	2774
1.0	0.4	0.8	0.3	2775
0.4	0.8	0.0	0.0	2776
0.2	0.4	0.9	0.9	2777
0.2	0.8	0.4	0.0	2778
0.2	0.2	0.6	0.4	2779
0.6	0.8	0.6	0.9	2780
1.0	0.4	0.0	0.2	2781
1.0	1.0	0.7	0.9	2782
0.8	0.4	0.0	1.0	2783
0.4	0.8	0.7	0.2	2784
1.0	0.6	0.4	0.3	2785
0.2	0.8	0.9	0.6	2786
0.4	0.2	0.5	0.1	2787
0.2	0.6	0.9	0.2	2788
0.4	0.8	0.3	0.8	2789
0.4	0.8	0.8	0.0	2790
1.0	0.2	0.2	0.4	2791
0.2	0.4	0.2	0.5	2792
0.4	0.2	0.3	0.5	1882
0.2	0.4	0.7	0.2	1883
0.6	0.6	0.3	0.4	1884
1.0	0.4	0.5	0.8	1885
0.2	0.2	0.4	0.1	1886
1.0	0.4	0.8	0.6	1887
0.6	0.6	0.2	0.4	1888
0.6	0.8	0.4	0.0	1889
0.2	1.0	0.0	0.9	1890
0.4	0.6	0.7	0.7	1891
0.2	0.8	0.4	0.5	1892
0.6	0.8	0.2	0.9	1893
0.6	0.2	0.8	0.9	1894
0.8	0.4	0.7	0.7	1895
0.6	0.2	0.9	0.5	1896
0.4	0.6	0.2	0.8	1897
0.4	0.4	0.9	1.0	1898
0.6	0.2	0.9	0.1	1899
0.4	1.0	0.7	0.3	1900
0.6	0.4	0.2	0.1	1901
1.0	0.4	0.7	1.0	1902
0.4	0.8	0.3	1.0	1903
0.2	0.6	0.2	0.9	1904
0.4	0.8	0.8	0.1	1905
0.2	0.4	0.5	1.0	1906
0.6	0.4	0.8	1.0	1907
0.6	0.4	0.3	0.1	1908
0.4	0.6	1.0	0.5	1909
0.2	0.8	0.9	0.2	1910
0.4	0.4	0.8	0.9	1911
0.4	1.0	0.2	0.3	1912
0.6	1.0	0.8	0.4	1913
0.4	0.2	1.0	0.0	1914
1.0	0.6	0.0	0.4	1915
0.4	0.4	0.4	0.8	1916
1.0	0.4	0.1	0.7	1917
0.4	1.0	0.1	0.1	1918
0.8	0.2	0.8	0.1	2223
1.0	0.2	0.6	0.5	2224
1.0	0.8	0.8	0.2	2225
0.4	0.4	0.4	0.9	2226
0.2	1.0	0.7	0.0	2227
0.6	0.2	0.3	0.8	2228
0.8	0.6	0.2	0.8	2229
0.2	0.6	0.7	0.2	2230
0.2	0.2	0.9	0.9	2231
0.8	1.0	0.3	0.2	2232
0.2	0.8	0.3	1.0	2233
1.0	1.0	0.6	0.8	2234
0.6	0.4	0.4	0.1	2235
0.2	0.2	0.5	0.7	2236
0.4	0.6	0.1	0.4	2237
0.6	0.8	0.3	0.3	2238
1.0	0.4	0.9	0.7	2239
1.0	0.2	0.1	0.6	2240
1.0	0.8	0.5	0.5	2241
1.0	0.8	0.0	0.8	2242
0.4	1.0	0.9	1.0	2243
1.0	0.8	1.0	0.1	2244
1.0	0.4	0.0	0.4	2245
0.6	0.2	0.0	0.8	2246
1.0	1.0	0.0	0.5	2247
0.6	0.6	1.0	0.0	2248
0.4	1.0	0.4	0.8	2249
0.4	0.8	0.9	0.8	2250
0.2	0.8	0.8	0.6	2251
0.2	0.8	0.6	0.8	2252
0.6	1.0	0.6	0.3	2253
0.8	0.6	0.3	0.2	2254
0.2	0.6	0.1	0.1	2255
0.6	0.2	0.7	0.8	2256
0.8	0.2	0.7	0.1	2257
0.2	0.4	0.5	0.4	2258
1.0	0.2	0.0	0.7	2259
0.4	0.6	0.4	0.3	2260
0.8	0.6	0.7	0.3	2261
0.8	0.2	1.0	0.3	2262
0.6	0.2	0.1	0.1	2263
0.2	0.6	0.3	0.2	2264
0.8	0.8	0.7	0.6	2265
0.8	0.2	0.6	0.0	2266
0.6	0.8	1.0	0.6	2267
0.8	0.2	0.5	0.3	2268
0.6	1.0	0.3	1.0	2269
0.6	0.6	0.7	0.5	2270
0.6	0.2	0.4	0.6	2603
0.4	1.0	0.1	0.7	2604
0.4	0.2	0.1	1.0	2605
0.6	0.2	0.0	0.4	2606
0.4	0.8	0.2	0.3	2607
0.4	0.6	0.8	0.5	2608
0.6	0.6	0.9	0.6	2609
0.4	0.2	1.0	0.6	2610
0.4	0.2	0.7	0.8	2611
0.4	0.6	0.2	0.1	2612
1.0	1.0	0.1	0.4	2613
0.4	0.2	0.5	0.6	2614
0.2	0.4	0.1	0.8	2615
0.4	0.2	0.0	0.3	2616
0.6	0.4	0.6	0.1	2617
0.4	0.6	0.6	0.8	2618
0.8	0.8	1.0	0.4	2619
1.0	0.4	0.3	0.3	2620
0.6	1.0	0.1	0.4	2621
1.0	0.2	0.7	0.4	2622
0.4	0.8	0.7	0.7	2623
0.6	0.2	0.4	0.5	2624
0.8	0.4	0.5	0.0	2625
1.0	1.0	0.0	0.9	2626
0.4	1.0	0.1	0.3	2627
1.0	0.6	0.5	0.4	2628
0.8	0.4	0.6	0.3	2629
0.8	1.0	0.4	0.6	2630
0.6	0.4	0.0	0.3	2631
0.2	0.4	0.0	0.1	2632
1.0	0.4	0.3	0.7	2633
0.4	0.8	0.7	0.8	2634
0.6	0.4	0.1	0.1	2635
0.2	1.0	0.4	0.1	2636
0.6	0.4	0.7	0.8	2637
0.4	0.2	0.3	0.3	2638
1.0	0.4	0.2	0.7	2639
0.2	0.4	0.8	1.0	2640
0.4	0.4	0.3	0.4	2641
0.8	0.4	1.0	0.7	2915
0.4	1.0	0.5	0.3	2916
0.4	0.2	0.1	0.5	2917
1.0	0.4	0.2	0.8	2918
0.2	0.4	0.6	0.7	2919
0.6	0.4	1.0	0.1	2920
0.6	1.0	0.4	0.2	2921
0.2	0.4	1.0	0.2	2922
0.4	0.8	0.8	0.7	2923
0.2	1.0	0.9	0.0	2924
1.0	0.4	0.0	0.0	2925
0.6	0.4	0.1	1.0	2926
0.6	0.8	0.9	0.8	2927
0.6	0.4	0.2	0.3	2928
0.4	0.2	0.2	0.2	2929
0.4	0.6	0.7	0.1	2930
0.2	0.4	0.5	0.2	2931
0.4	1.0	0.4	0.4	2932
0.8	0.2	0.4	0.3	2933
0.2	0.4	0.3	1.0	2934
0.8	0.4	0.0	0.1	2935
0.4	0.4	0.0	0.4	2936
0.2	0.8	0.9	1.0	2937
1.0	0.4	1.0	0.5	2938
0.2	0.2	0.1	0.4	2939
0.4	0.6	0.6	0.3	2940
0.8	1.0	0.8	0.4	2941
0.4	0.2	0.2	0.8	2942
1.0	0.2	0.1	0.9	2943
1.0	0.6	0.2	0.7	0
0.2	0.2	0.6	0.6	1
0.6	0.2	1.0	0.2	2
0.6	1.0	0.6	0.6	3
0.8	0.6	0.0	0.6	4
0.4	0.8	0.9	0.1	5
0.4	0.6	0.7	0.4	6
0.6	0.2	0.1	0.7	7
1.0	0.8	0.0	0.1	8
0.2	0.4	0.4	0.1	9
0.8	1.0	0.5	0.2	10
1.0	1.0	0.2	0.0	11
0.8	1.0	0.0	1.0	12
0.6	0.2	0.2	0.1	13
0.8	1.0	0.7	0.5	14
0.8	0.4	0.3	0.4	15
0.2	1.0	0.1	0.7	16
0.8	0.8	0.0	0.2	17
0.8	0.4	0.4	0.1	18
0.6	0.8	0.8	0.1	19
0.8	0.8	0.2	0.3	20
0.4	0.6	0.9	0.8	21
0.2	0.6	0.5	0.7	22
0.2	0.6	0.3	1.0	23
0.6	1.0	0.1	0.1	24
0.8	0.6	0.5	0.8	25
0.8	0.6	0.2	0.1	26
0.6	0.8	0.0	0.5	27
1.0	0.6	0.3	0.2	28
0.6	1.0	0.2	0.7	29
0.6	1.0	0.3	0.2	30
1.0	0.4	0.4	0.2	31
0.2	1.0	1.0	0.3	32
1.0	1.0	0.1	0.5	33
0.2	0.8	0.1	0.1	34
0.2	0.6	1.0	0.2	35
0.8	0.6	0.1	0.7	36
0.2	0.2	0.8	0.2	37
0.6	0.6	0.2	0.0	38
0.8	0.8	0.2	0.8	39
0.2	0.4	0.9	0.8	40
0.8	0.2	0.3	0.0	41
1.0	0.4	0.9	0.6	42
1.0	0.2	0.5	0.0	43
0.6	0.8	0.8	0.5	44
0.8	0.6	0.7	0.1	45
0.8	0.2	0.8	0.7	46
0.8	0.6	0.2	0.9	47
0.2	0.8	0.9	0.7	48
0.8	0.4	0.5	1.0	49
0.4	0.2	0.1	0.8	50
0.4	0.6	0.8	0.7	51
0.8	0.2	0.4	0.1	52
0.4	0.4	0.5	0.4	53
0.4	0.6	0.8	0.3	54
0.8	1.0	0.9	0.5	55
0.4	0.6	0.6	1.0	56
0.2	0.4	0.0	0.8	57
0.2	0.4	0.0	0.2	58
0.8	0.6	0.9	0.5	59
0.4	0.6	0.3	0.3	60
1.0	0.2	0.4	0.3	61
0.4	0.8	0.0	0.6	62
0.2	0.2	0.3	0.4	63
1.0	0.6	0.9	0.3	64
0.4	0.8	1.0	0.2	65
0.2	0.8	0.0	0.4	66
0.4	0.2	0.0	0.1	67
0.8	0.6	0.3	0.9	68
0.2	0.4	0.8	0.8	69
0.6	0.2	0.4	0.2	70
0.8	0.8	0.7	0.4	71
1.0	0.4	0.0	1.0	72
0.8	0.8	0.3	0.7	158
0.8	1.0	0.0	0.6	159
0.2	0.6	0.1	0.7	160
0.2	0.6	0.6	0.3	161
1.0	0.2	0.3	1.0	162
0.8	1.0	0.5	0.7	163
0.4	0.8	0.5	0.4	164
0.8	0.8	0.2	0.7	165
0.2	0.2	0.8	0.3	166
0.8	1.0	0.6	0.2	167
0.6	1.0	0.0	0.8	168
1.0	0.8	0.1	0.8	169
0.4	1.0	0.3	0.4	170
1.0	1.0	0.2	0.3	171
0.8	0.6	0.5	0.0	172
0.2	0.8	0.5	0.5	173
0.8	1.0	0.1	0.8	174
0.6	0.2	0.6	0.7	175
0.4	0.4	1.0	0.0	176
0.6	0.6	0.0	0.7	177
1.0	0.6	0.7	0.8	178
0.8	0.6	0.8	0.1	179
1.0	0.6	0.6	1.0	180
0.2	1.0	0.1	0.3	181
1.0	1.0	0.6	1.0	182
0.4	0.6	0.4	1.0	183
0.6	0.8	0.1	0.2	184
0.6	0.8	0.1	0.0	185
0.2	0.2	0.9	0.4	186
0.2	0.8	0.6	0.5	187
0.4	0.6	0.6	0.9	188
0.6	0.6	0.7	0.0	189
1.0	0.8	0.8	0.1	190
0.8	1.0	0.9	0.9	191
0.2	1.0	0.5	0.3	192
1.0	1.0	0.0	0.0	193
0.4	0.4	0.6	0.2	194
0.2	1.0	0.0	0.5	195
0.8	0.2	0.8	0.5	231
1.0	0.8	0.3	0.8	232
0.8	0.8	1.0	0.0	233
0.6	0.4	0.9	0.3	234
0.8	0.6	0.6	0.6	235
0.2	0.4	0.0	0.9	236
1.0	0.2	0.0	0.2	237
0.8	1.0	1.0	0.5	238
0.8	0.4	0.9	0.6	239
0.2	0.2	0.0	0.5	240
0.4	0.4	0.6	1.0	241
0.6	0.4	0.7	0.4	242
1.0	0.2	0.7	0.0	243
0.8	0.4	0.4	0.0	244
0.6	0.6	0.6	0.0	245
0.6	0.2	0.7	0.2	246
0.6	0.8	0.2	0.0	247
0.2	0.8	0.2	0.5	248
0.4	0.8	0.9	0.0	249
0.8	0.8	0.5	0.8	250
0.6	1.0	0.6	0.0	251
0.6	0.2	0.1	1.0	252
0.4	0.4	0.6	0.6	253
0.6	0.6	0.6	0.2	254
0.6	0.2	0.2	0.0	255
0.6	0.6	0.6	0.3	256
0.6	1.0	0.2	0.6	257
0.2	0.6	0.1	1.0	258
1.0	0.8	0.1	1.0	259
0.6	0.2	0.6	0.6	260
1.0	0.4	0.4	1.0	261
0.6	1.0	0.5	0.3	262
0.8	1.0	0.5	0.5	263
0.6	0.6	0.0	0.6	264
0.4	0.4	0.2	0.7	265
1.0	1.0	0.8	0.1	266
1.0	0.8	1.0	0.5	267
0.6	0.8	0.6	0.1	268
0.8	1.0	0.3	0.7	269
1.0	0.2	0.9	0.4	270
1.0	1.0	0.8	0.6	271
0.4	0.8	0.4	0.5	272
0.6	0.8	0.5	0.7	306
0.2	0.2	0.8	0.8	307
0.6	1.0	0.2	0.2	308
1.0	1.0	0.3	0.2	309
1.0	1.0	0.7	0.2	310
0.2	1.0	0.2	0.1	311
0.4	0.2	0.4	0.7	312
1.0	1.0	0.3	0.7	313
1.0	0.8	0.5	0.0	314
0.6	0.6	0.8	0.0	315
0.6	0.6	0.5	0.6	316
0.2	0.2	0.3	0.7	317
0.2	0.2	0.1	0.6	318
0.4	0.4	0.8	0.1	319
1.0	0.8	0.7	0.5	320
0.2	0.6	0.8	0.5	321
0.6	0.8	0.6	0.7	322
0.2	1.0	0.5	0.8	323
1.0	0.8	0.8	0.5	324
1.0	1.0	0.8	0.8	325
1.0	0.2	0.7	0.5	326
0.6	0.2	0.5	0.3	327
1.0	0.6	0.1	0.1	328
1.0	0.8	0.5	0.2	329
0.4	1.0	0.0	0.4	330
1.0	1.0	0.8	0.2	331
0.8	0.6	1.0	0.0	332
0.8	0.2	0.6	1.0	333
0.6	0.6	0.8	0.2	334
0.6	0.6	0.4	0.9	335
0.8	1.0	1.0	0.0	336
0.2	0.2	0.4	0.9	337
0.8	0.6	0.6	0.3	338
1.0	0.8	0.2	0.1	339
1.0	0.8	0.7	0.1	340
0.6	0.2	1.0	0.7	341
0.2	0.2	0.5	1.0	342
0.8	0.6	0.7	0.5	343
0.6	1.0	1.0	0.1	344
0.2	0.2	0.0	0.7	345
0.8	0.8	0.0	0.3	346
0.6	0.2	0.7	0.1	347
0.4	0.6	0.9	0.2	348
0.2	1.0	0.4	0.4	349
0.8	0.8	0.8	0.2	350
0.2	0.6	0.7	0.5	351
0.8	0.8	0.4	0.0	416
0.2	0.2	0.8	0.9	417
0.6	0.8	0.5	0.9	418
0.4	0.6	1.0	0.7	419
0.4	0.2	0.3	0.8	420
1.0	1.0	0.4	0.7	421
0.4	0.6	1.0	0.2	422
0.2	0.8	0.2	0.9	423
0.6	0.4	0.3	0.0	424
1.0	1.0	1.0	0.4	425
0.4	0.8	0.2	0.2	426
0.2	0.2	0.4	0.8	427
0.4	0.2	0.7	0.0	428
0.4	0.8	0.7	0.0	429
0.2	0.4	0.4	0.4	430
0.6	0.4	0.8	0.2	431
0.8	0.4	1.0	0.0	432
0.4	1.0	0.5	0.0	433
0.2	0.4	0.0	0.5	434
0.2	0.6	0.4	0.5	435
0.2	0.4	0.6	0.8	436
0.4	0.8	0.2	0.7	437
0.6	1.0	1.0	0.4	438
0.8	0.4	1.0	0.3	439
0.8	1.0	0.0	0.4	440
0.2	0.8	0.4	0.3	441
1.0	0.4	0.2	0.2	442
0.4	1.0	0.5	0.8	443
1.0	0.8	0.2	0.4	444
0.6	0.8	0.4	0.6	445
0.4	0.6	0.3	1.0	446
0.2	0.6	0.9	0.8	551
1.0	0.6	1.0	0.4	552
1.0	0.8	0.4	1.0	553
0.8	0.4	0.5	0.3	554
0.4	1.0	0.0	0.1	555
0.2	0.2	0.9	1.0	556
1.0	0.4	0.3	0.0	557
0.6	0.4	0.3	0.7	558
0.2	0.4	0.1	0.3	559
0.8	1.0	0.9	0.3	560
1.0	0.8	0.0	0.4	561
0.4	0.6	0.4	0.4	562
0.2	0.4	1.0	0.0	563
0.2	0.6	0.9	0.7	564
0.2	0.4	1.0	0.3	565
0.6	0.4	0.7	0.3	566
0.8	0.2	0.9	0.1	567
1.0	0.8	0.4	0.1	568
0.6	0.6	0.1	0.4	569
0.2	0.4	0.8	0.1	570
0.8	0.6	0.4	0.1	571
0.6	0.4	0.4	0.9	572
0.8	0.4	1.0	0.2	573
0.8	0.6	0.4	0.5	574
0.6	0.2	0.2	0.4	575
0.2	0.4	0.6	0.0	576
0.4	0.8	0.6	0.5	577
0.6	0.2	0.6	0.9	578
1.0	0.4	0.9	0.4	579
0.8	0.2	0.7	0.9	580
0.4	0.4	0.9	0.0	581
0.2	0.4	0.3	0.6	582
0.8	0.2	0.4	0.8	583
0.4	0.4	0.1	0.9	584
0.4	0.6	0.1	0.0	723
0.6	0.4	0.7	0.7	724
0.4	1.0	0.8	1.0	725
0.8	0.8	0.9	0.6	726
1.0	1.0	0.9	0.1	727
0.8	0.4	0.9	0.9	728
0.6	0.6	0.0	0.9	729
0.4	0.2	0.6	1.0	730
0.2	0.4	0.5	0.7	731
1.0	0.2	0.3	0.4	732
0.6	0.6	0.9	0.1	733
1.0	1.0	0.9	0.6	734
0.8	0.6	0.0	0.4	735
0.2	0.8	0.5	0.4	736
0.4	0.6	0.5	0.8	737
1.0	0.2	0.9	0.0	738
0.8	0.8	0.4	0.2	739
0.4	1.0	0.1	0.2	740
0.6	1.0	0.9	0.6	741
0.2	0.4	0.0	1.0	742
0.4	0.4	0.8	0.4	743
0.4	0.6	0.5	0.7	744
0.4	0.8	0.5	0.5	745
0.8	0.2	0.0	0.9	746
0.4	0.4	0.2	0.4	747
0.4	0.6	0.5	0.0	748
0.8	0.6	0.3	0.4	749
0.6	0.6	0.5	0.4	750
0.6	0.4	0.0	0.2	751
0.6	0.4	0.2	0.0	752
1.0	0.4	0.5	0.6	753
0.2	0.4	0.1	0.0	754
0.8	0.8	0.4	0.3	755
0.4	0.6	0.3	0.6	756
1.0	1.0	0.5	0.4	757
0.2	0.2	0.9	0.6	758
0.4	0.8	0.8	0.2	759
0.4	0.6	0.7	0.6	760
0.6	0.4	0.1	0.6	761
1.0	0.2	0.4	0.1	762
0.6	0.2	0.7	0.4	763
0.8	0.4	0.6	0.0	764
0.4	0.8	0.7	0.3	765
1.0	0.6	0.9	1.0	273
0.6	0.6	0.4	0.2	274
1.0	1.0	0.4	0.8	275
0.2	0.4	0.3	0.5	276
0.2	0.6	0.2	0.4	277
1.0	0.4	0.8	0.0	278
0.4	0.8	0.5	1.0	279
0.8	1.0	0.3	0.4	280
0.4	0.6	0.7	0.5	281
0.2	0.2	0.7	0.9	282
0.6	0.4	0.6	0.6	283
0.8	0.8	0.9	0.5	284
0.8	0.4	0.4	0.4	285
0.4	0.2	0.8	0.3	286
0.6	0.6	0.7	0.9	287
0.6	0.4	0.8	0.0	288
1.0	0.4	0.1	0.6	289
0.4	0.4	0.9	0.3	290
0.2	0.4	1.0	0.7	291
0.2	0.8	0.8	0.9	292
1.0	0.6	0.9	0.1	293
0.2	0.4	0.2	0.1	294
0.6	0.8	0.3	0.4	295
0.8	0.8	0.1	0.4	296
0.2	0.2	0.9	0.5	297
0.2	0.8	0.1	0.4	298
1.0	0.4	0.1	0.5	299
0.4	1.0	0.8	0.1	300
0.8	0.2	0.4	0.2	301
1.0	0.4	0.8	0.8	302
0.8	0.2	0.1	0.4	303
0.4	1.0	0.6	0.0	304
0.2	0.4	0.7	0.1	305
0.6	0.8	0.3	1.0	766
0.2	0.8	0.7	0.3	767
0.2	0.6	0.5	0.0	768
0.6	0.4	0.1	0.4	769
0.2	1.0	0.1	0.2	770
0.6	0.8	0.3	0.6	771
1.0	0.8	1.0	0.2	772
0.8	0.6	0.2	0.5	773
0.6	0.4	0.8	0.9	774
0.2	0.8	0.5	0.6	775
0.6	1.0	0.6	0.1	776
0.2	0.8	0.3	0.8	777
0.8	0.8	0.1	0.1	778
0.2	1.0	0.5	0.2	779
0.8	0.2	0.3	0.7	780
0.6	0.2	0.8	0.5	781
0.4	0.2	0.9	0.6	782
0.6	0.8	0.8	1.0	783
1.0	1.0	1.0	0.6	784
0.8	0.6	0.1	0.0	785
0.2	1.0	0.7	0.6	786
0.4	0.4	1.0	0.2	787
1.0	0.8	1.0	0.7	788
0.8	0.2	0.9	0.4	789
0.2	0.8	0.2	0.8	790
0.2	0.6	0.5	0.3	791
1.0	0.4	0.4	0.0	792
0.2	0.2	0.2	0.3	793
0.6	0.2	0.1	0.0	794
0.8	0.2	0.5	0.5	795
0.8	0.6	0.0	1.0	796
1.0	1.0	0.3	0.0	797
0.8	1.0	0.8	0.5	798
1.0	0.2	0.7	0.1	799
1.0	0.8	0.3	1.0	800
0.4	0.4	0.3	0.5	801
1.0	0.2	1.0	0.7	802
0.4	0.2	0.6	0.4	803
0.4	0.8	0.4	0.3	804
1.0	0.2	0.6	0.7	805
0.2	0.6	0.2	0.6	806
1.0	0.6	0.7	0.7	807
0.6	1.0	0.8	0.1	375
0.4	0.8	0.9	0.7	376
0.6	0.2	1.0	0.6	377
0.8	0.8	0.9	0.9	378
0.2	0.8	0.5	0.0	379
0.2	1.0	0.2	0.2	380
0.6	1.0	0.7	0.1	381
1.0	0.2	0.8	0.8	382
1.0	0.6	0.8	1.0	383
0.8	0.8	0.8	1.0	384
1.0	0.8	0.6	0.5	385
0.6	1.0	0.5	0.7	386
0.6	0.2	1.0	0.5	387
0.8	0.2	0.3	0.6	388
0.2	0.6	0.9	0.4	389
1.0	0.6	0.6	0.8	390
0.6	0.6	0.3	0.5	391
1.0	0.4	0.9	0.0	392
0.6	0.6	0.7	1.0	393
1.0	0.6	0.2	0.1	394
1.0	0.6	0.5	0.7	395
0.8	0.6	0.5	0.1	396
0.6	1.0	0.0	0.1	397
0.6	0.6	0.0	1.0	398
0.6	0.6	0.2	0.6	399
0.8	0.6	0.6	0.5	400
0.8	0.4	0.9	1.0	401
0.2	0.2	0.5	0.3	402
1.0	0.2	0.0	0.0	403
0.2	0.8	1.0	0.3	404
1.0	0.2	0.5	1.0	405
0.6	0.8	0.0	0.2	406
1.0	0.6	1.0	0.3	407
0.6	0.6	0.2	0.1	408
0.2	0.2	0.0	0.1	409
0.4	0.4	0.3	0.3	410
1.0	0.4	0.9	0.3	411
1.0	0.4	0.7	0.4	412
0.8	0.6	1.0	0.6	413
1.0	1.0	0.6	0.2	414
0.2	0.2	0.7	0.6	415
1.0	0.2	0.4	0.5	900
0.2	0.6	0.0	0.4	901
0.4	0.6	0.8	1.0	902
0.8	1.0	0.6	0.9	903
0.2	0.8	0.3	0.9	904
0.6	1.0	0.9	0.5	905
0.4	1.0	0.2	0.6	906
0.2	0.6	0.5	0.9	907
0.8	0.8	0.4	0.7	908
0.8	0.4	0.0	0.6	909
0.6	1.0	0.6	0.4	910
0.4	0.2	0.0	0.0	911
1.0	0.6	0.4	0.8	912
0.4	0.6	0.5	0.3	913
0.4	0.6	0.2	1.0	914
0.4	1.0	0.2	0.1	915
0.4	1.0	0.5	0.7	916
0.6	1.0	0.2	0.9	917
0.6	1.0	0.9	1.0	918
0.2	0.2	0.2	0.9	919
0.2	0.4	0.0	0.6	920
0.4	1.0	0.7	0.5	921
0.8	0.6	0.1	0.9	922
0.6	0.4	0.5	0.6	923
0.2	0.8	0.6	0.4	924
0.8	1.0	0.9	0.8	925
0.6	0.4	0.6	0.5	926
0.4	0.6	0.1	0.7	927
0.8	0.4	0.3	0.1	928
1.0	1.0	0.3	0.9	929
0.4	1.0	0.3	1.0	930
0.4	0.6	0.1	0.3	931
1.0	0.4	0.6	1.0	932
0.2	0.4	0.2	0.9	520
0.2	0.2	0.5	0.0	521
0.4	1.0	0.2	0.9	522
0.4	0.2	0.3	0.4	523
1.0	0.6	0.7	0.1	524
1.0	0.6	0.9	0.9	525
0.2	1.0	0.1	1.0	526
0.4	0.4	0.2	0.3	527
0.6	0.2	0.7	0.7	528
0.8	1.0	1.0	0.1	529
0.6	0.2	0.7	0.3	530
0.8	0.2	0.7	0.5	531
0.4	0.2	0.9	0.7	532
0.4	0.2	0.9	0.8	533
1.0	0.2	0.3	0.0	534
0.8	0.4	0.4	0.7	535
0.2	0.6	0.6	1.0	536
0.4	0.6	0.6	0.4	537
0.4	0.4	0.7	0.8	538
0.6	0.6	0.1	0.2	539
0.8	0.8	0.7	0.1	540
0.4	0.4	0.2	0.8	541
1.0	0.2	0.4	0.9	542
0.8	0.8	1.0	0.2	543
0.2	1.0	0.4	0.9	544
1.0	0.2	0.6	0.6	545
0.8	0.2	0.5	0.7	546
0.8	0.2	0.5	0.0	547
0.2	0.2	0.6	0.3	548
0.2	0.2	0.1	0.3	549
0.8	0.6	0.8	0.7	550
0.8	0.4	0.3	0.0	981
0.4	1.0	0.6	1.0	982
0.6	0.4	0.5	0.3	983
0.2	0.6	0.1	0.4	984
0.6	0.4	0.6	0.7	985
1.0	0.6	0.1	0.9	986
0.4	1.0	0.7	0.0	987
0.2	0.4	0.2	0.3	988
0.6	0.8	0.9	0.1	989
0.4	0.2	0.5	0.2	990
1.0	0.4	0.9	0.9	991
0.2	0.8	0.3	0.4	992
0.4	1.0	0.5	0.5	993
0.2	0.2	0.9	0.7	994
0.4	0.6	0.4	0.9	995
1.0	0.6	0.4	1.0	996
0.8	0.2	0.5	0.9	997
0.4	0.4	0.6	0.4	998
0.4	0.2	1.0	0.3	999
0.8	0.4	0.1	0.5	1000
1.0	1.0	0.9	0.0	1001
0.6	0.8	0.5	0.4	1002
0.4	0.8	0.8	0.5	1003
0.2	1.0	0.9	0.5	1004
0.6	0.6	0.9	0.2	1005
0.2	0.4	0.2	0.0	1006
1.0	0.4	1.0	0.7	1007
0.8	1.0	0.9	0.6	1008
0.4	0.2	0.5	0.3	1009
0.6	0.4	0.0	0.5	1010
0.2	0.4	1.0	0.1	1011
0.4	1.0	1.0	0.6	1012
1.0	1.0	0.2	0.4	1013
0.2	1.0	0.4	0.0	1014
0.8	1.0	0.0	0.9	1015
0.8	0.2	0.4	0.6	1016
0.4	0.4	0.6	0.3	1088
0.8	1.0	0.8	0.1	1089
0.2	0.2	0.3	0.3	1090
1.0	0.4	0.2	0.9	1091
1.0	0.4	0.9	1.0	1092
1.0	0.6	0.3	0.0	1093
0.6	0.8	0.6	0.3	1094
0.8	0.6	0.6	0.0	1095
0.8	1.0	0.7	0.1	1096
0.2	0.6	0.7	0.6	1097
0.2	0.6	0.1	0.3	1098
0.8	0.2	0.6	0.5	1099
0.8	0.2	1.0	0.1	1100
0.6	0.6	0.6	0.6	1101
1.0	0.4	0.3	0.9	1102
0.8	0.2	0.0	0.7	1103
1.0	1.0	0.5	1.0	1104
0.8	0.4	0.1	0.9	1105
0.6	0.2	0.9	0.9	1106
0.8	0.6	0.1	0.2	1107
0.8	0.8	1.0	0.5	1108
0.2	0.6	0.5	0.8	1109
0.4	0.6	0.1	0.9	1110
0.8	0.6	1.0	0.3	1111
0.8	0.6	0.6	0.8	1112
0.2	0.8	0.8	0.7	1113
0.2	0.4	0.9	0.3	1114
0.2	0.6	0.7	0.1	1115
0.8	0.6	0.0	0.5	1116
0.6	0.6	1.0	0.1	1117
0.2	0.6	0.2	0.1	1118
0.6	1.0	0.2	0.0	1119
1.0	0.2	0.0	0.6	1120
0.6	0.2	0.5	0.0	1121
0.4	0.4	1.0	0.3	1122
0.4	0.4	0.5	0.2	1123
0.8	0.6	0.7	0.6	1124
0.6	0.4	0.4	0.0	1125
0.6	1.0	0.2	0.8	1126
0.8	0.8	0.7	0.7	1127
1.0	0.4	0.4	0.7	1128
0.8	0.2	0.6	0.1	1129
0.6	0.6	0.0	0.3	1130
1.0	1.0	0.6	0.1	1131
0.2	0.2	0.2	0.0	1132
1.0	0.6	0.3	0.6	678
0.8	0.8	0.0	0.5	679
1.0	1.0	0.1	0.2	680
0.2	0.4	0.1	0.4	681
0.8	0.8	0.2	0.6	682
0.8	0.6	0.1	0.6	683
0.2	0.6	0.0	0.7	684
0.8	0.2	1.0	0.2	685
0.8	1.0	0.8	0.7	686
0.8	0.2	0.0	1.0	687
0.8	0.4	0.2	0.9	688
0.8	0.6	0.0	0.7	689
0.2	0.6	1.0	0.6	690
0.2	0.8	0.5	0.7	691
1.0	1.0	0.7	0.6	692
0.8	0.8	0.6	0.7	693
0.4	0.2	0.7	0.4	694
0.4	1.0	0.7	0.9	695
0.2	0.8	0.6	0.0	696
0.6	1.0	0.5	0.2	697
0.8	0.8	1.0	0.3	698
0.8	0.8	0.2	0.5	699
0.8	0.4	0.4	0.3	700
1.0	0.2	0.6	0.1	701
0.6	0.8	0.8	0.7	702
0.6	0.6	0.2	0.5	703
0.8	0.4	0.4	0.8	704
0.2	1.0	0.7	0.8	705
0.2	1.0	0.0	0.8	706
1.0	1.0	0.0	0.1	707
1.0	0.8	0.7	0.2	708
0.2	0.2	0.8	0.1	709
0.8	0.6	0.9	0.4	710
1.0	0.6	0.6	0.7	711
0.6	1.0	0.3	0.5	712
0.8	1.0	0.9	0.4	713
0.2	0.8	0.2	0.6	714
0.2	0.8	0.5	0.8	715
0.4	0.4	0.6	0.1	716
0.8	0.6	0.5	1.0	717
0.4	0.6	0.4	0.0	718
1.0	0.8	0.3	0.7	719
0.8	0.8	0.0	0.6	720
1.0	0.2	0.0	0.3	721
0.2	0.8	0.5	0.2	722
0.6	0.4	1.0	0.6	1216
0.4	0.8	0.2	0.0	1217
0.2	0.4	0.3	0.1	1218
0.4	0.4	0.9	0.7	1219
0.4	0.8	0.0	0.3	1220
1.0	1.0	0.9	0.5	1221
0.4	0.2	0.7	0.3	1222
0.4	0.6	0.0	1.0	1223
0.8	0.8	0.4	0.8	1224
1.0	0.8	0.4	0.6	1225
0.4	1.0	0.0	0.5	1226
0.8	0.6	0.9	0.0	1227
0.8	0.8	0.2	0.9	1228
0.6	1.0	0.7	0.9	1229
0.6	0.6	0.4	0.7	1230
0.2	0.4	0.7	0.5	1231
0.4	0.2	0.9	0.4	1232
1.0	0.8	0.6	0.9	1233
0.4	0.8	0.6	1.0	1234
0.8	0.2	0.9	0.6	1235
0.4	0.2	0.0	0.2	1236
0.2	0.6	0.6	0.9	1237
0.8	0.4	0.1	0.7	1238
0.6	0.4	0.9	0.4	1239
0.4	0.8	0.6	0.6	1240
0.4	0.8	0.1	1.0	1241
0.6	0.8	0.9	0.0	1242
0.6	0.8	0.8	0.4	1243
0.2	0.8	0.7	0.9	1244
0.2	1.0	0.9	0.8	1245
0.4	1.0	1.0	0.2	1246
0.4	0.8	0.3	0.7	1247
0.2	1.0	0.9	0.7	1248
0.4	0.2	1.0	0.1	1249
0.4	0.2	0.2	0.3	1250
0.6	0.4	0.0	0.7	1251
0.2	0.4	0.5	0.8	1252
0.8	0.4	0.8	1.0	1253
0.4	0.6	0.0	0.2	1299
1.0	0.2	0.4	0.8	1300
0.4	0.6	0.3	0.2	1301
0.6	0.6	0.4	0.1	1302
1.0	0.4	0.5	0.3	1303
1.0	0.4	1.0	0.2	1304
0.4	1.0	0.0	0.7	1305
1.0	0.4	0.1	0.2	1306
1.0	0.8	0.4	0.7	1307
1.0	0.4	0.0	0.1	1308
0.2	0.6	0.3	0.9	1309
0.8	0.8	0.6	0.9	1310
0.2	0.2	0.4	1.0	1311
0.8	0.2	0.9	0.2	1312
0.2	0.6	0.8	0.9	1313
0.6	0.6	0.9	0.3	1314
0.2	0.4	0.6	1.0	1315
0.8	0.2	0.9	0.3	1316
0.2	0.6	1.0	0.4	1317
1.0	0.4	0.5	0.0	1318
0.8	0.4	0.1	1.0	1319
0.6	0.4	0.3	0.6	1320
1.0	0.2	0.9	0.6	1321
0.6	1.0	0.9	0.8	1322
0.8	0.4	0.0	0.7	1323
0.6	0.6	0.7	0.8	933
0.2	1.0	0.7	0.1	934
0.8	1.0	0.5	0.8	935
0.2	0.6	0.6	0.7	936
0.2	0.8	1.0	0.5	937
0.4	1.0	0.4	1.0	938
0.2	0.8	0.7	0.8	939
0.2	0.6	0.2	0.5	940
0.8	0.6	1.0	0.2	941
1.0	0.2	0.3	0.6	942
0.8	1.0	0.8	0.6	943
0.4	0.8	0.9	0.6	944
0.4	0.4	0.2	0.1	945
0.2	0.4	0.0	0.4	946
1.0	0.8	0.5	0.3	947
0.6	1.0	0.0	0.2	948
0.6	0.6	0.2	0.2	949
0.2	0.2	0.1	0.5	950
1.0	0.6	0.3	0.7	951
0.8	0.2	1.0	0.6	952
0.6	0.2	0.4	0.4	953
0.4	1.0	0.7	0.4	954
1.0	0.2	0.1	0.7	955
0.6	1.0	0.1	0.5	956
0.4	0.4	0.8	0.6	957
0.4	1.0	0.4	0.6	958
0.4	0.2	0.0	0.9	959
0.8	0.6	0.5	0.2	960
0.6	0.2	0.5	0.2	961
1.0	0.6	0.2	0.8	962
0.2	0.8	0.0	0.3	963
1.0	0.8	0.7	1.0	964
1.0	0.6	0.0	0.3	965
0.2	0.2	0.6	0.5	966
0.4	0.2	0.3	0.9	967
0.8	0.6	0.3	0.5	968
0.2	0.6	0.9	0.9	969
0.2	1.0	0.5	0.7	970
1.0	0.6	0.2	0.3	971
0.8	0.8	0.9	0.4	972
0.2	0.8	0.2	0.3	973
1.0	1.0	0.7	0.7	974
0.2	0.8	0.1	0.6	975
1.0	1.0	0.7	0.8	976
0.6	1.0	0.6	1.0	977
1.0	0.6	0.8	0.7	978
0.8	0.8	0.0	0.0	979
0.6	0.8	0.7	0.5	980
1.0	1.0	0.7	0.0	1405
0.8	0.8	0.5	1.0	1406
0.2	0.4	0.6	0.9	1407
0.2	0.2	0.0	0.0	1408
0.2	0.2	0.6	0.1	1409
1.0	0.2	0.3	0.5	1410
0.2	0.8	1.0	0.6	1411
0.2	1.0	0.8	0.5	1412
1.0	0.8	0.2	0.5	1413
1.0	1.0	0.7	0.3	1414
0.6	1.0	0.0	0.0	1415
0.2	1.0	0.5	0.0	1416
0.8	0.4	0.0	0.4	1417
0.6	1.0	0.9	0.4	1418
0.2	0.8	1.0	0.1	1419
0.8	0.8	0.6	0.6	1420
0.2	0.6	1.0	0.3	1421
0.8	0.2	1.0	0.5	1422
1.0	1.0	0.3	0.3	1423
0.2	0.2	0.0	0.3	1424
0.8	0.8	1.0	0.1	1425
0.8	0.6	0.7	1.0	1426
0.6	0.2	0.0	0.5	1427
0.2	0.6	0.7	1.0	1428
0.2	0.8	0.6	0.1	1429
0.8	0.8	0.8	0.7	1430
1.0	0.4	0.5	0.4	1431
1.0	0.6	0.8	0.2	1432
0.4	1.0	0.9	0.2	1433
0.4	0.4	0.8	0.5	1434
0.6	0.4	0.9	0.6	1435
1.0	0.4	0.7	0.9	1436
0.2	0.4	0.8	0.4	1437
1.0	0.6	0.8	0.8	1438
0.6	0.8	0.3	0.1	1439
0.8	0.2	0.1	1.0	1440
1.0	0.6	0.3	0.3	1441
1.0	1.0	0.0	0.7	1442
1.0	0.8	0.3	0.6	1443
0.4	0.2	1.0	0.4	1444
1.0	0.2	0.4	0.4	447
1.0	0.6	1.0	0.5	448
0.2	0.6	0.0	0.1	449
0.6	0.2	0.6	0.8	450
0.6	1.0	0.6	0.5	451
1.0	1.0	0.5	0.1	452
0.2	1.0	1.0	0.0	453
0.2	0.6	0.0	0.6	454
0.8	0.8	0.5	0.5	455
0.2	0.6	0.2	1.0	456
1.0	0.2	0.8	1.0	457
0.2	0.4	0.7	0.4	458
0.4	0.4	0.1	0.2	459
0.6	0.6	0.5	0.1	460
0.2	0.2	0.3	0.8	461
0.8	0.4	0.9	0.2	462
0.6	0.6	0.6	1.0	463
0.6	0.2	0.3	0.1	464
1.0	0.2	0.5	0.8	465
0.2	0.4	0.9	0.0	466
0.2	0.8	0.3	0.2	467
0.6	0.8	0.6	0.0	468
0.6	0.6	1.0	0.6	469
0.6	1.0	0.2	0.3	470
1.0	0.8	0.6	0.3	471
1.0	0.6	0.5	0.1	472
0.6	1.0	0.8	0.3	473
0.2	0.6	0.3	0.1	474
1.0	0.6	0.4	0.9	475
0.2	1.0	0.0	0.6	476
0.8	0.8	0.3	0.8	477
0.2	0.8	0.0	0.8	478
1.0	0.2	0.8	0.1	479
1.0	0.4	1.0	0.4	480
0.6	0.4	0.4	0.7	481
1.0	0.6	0.9	0.4	482
1.0	1.0	0.0	0.2	483
0.2	1.0	0.7	1.0	484
0.8	1.0	0.0	0.5	485
1.0	0.2	0.7	1.0	486
1.0	0.2	0.9	0.9	487
0.8	1.0	0.1	0.7	488
0.8	0.4	0.4	0.5	489
0.8	0.2	0.5	0.1	490
0.4	0.4	0.5	0.0	491
1.0	0.2	0.1	0.0	492
0.4	1.0	0.4	0.5	493
0.6	0.6	0.3	0.8	494
0.2	0.2	0.7	0.8	495
0.4	0.2	0.9	0.1	496
0.4	1.0	0.2	0.4	497
0.2	1.0	0.1	0.6	1481
0.6	0.6	0.1	0.3	1482
0.4	0.4	0.5	0.5	1483
0.8	0.6	0.7	0.8	1484
0.2	0.2	0.8	0.5	1485
0.6	0.8	0.2	0.8	1486
1.0	0.6	0.7	0.5	1487
0.6	1.0	0.5	0.8	1488
0.2	0.2	0.4	0.4	1489
0.8	0.6	0.0	0.2	1490
1.0	0.8	0.1	0.6	1491
0.2	0.6	0.8	0.0	1492
0.6	0.6	0.1	0.7	1493
0.8	0.2	0.2	0.5	1494
1.0	0.6	0.2	0.5	1495
1.0	1.0	0.2	0.6	1496
0.6	0.4	0.2	0.4	1497
0.4	0.6	0.2	0.9	1498
0.6	0.8	0.8	0.2	1499
0.6	0.8	0.5	0.6	1500
0.6	0.4	0.4	1.0	1501
0.6	0.2	0.3	0.2	1502
0.2	0.8	0.0	1.0	1503
1.0	0.6	0.5	0.2	1504
0.4	0.4	0.8	0.0	1505
0.4	1.0	0.6	0.4	1506
1.0	0.8	0.6	1.0	1507
1.0	1.0	0.0	0.6	1508
0.2	0.2	0.8	0.6	1509
1.0	1.0	0.3	1.0	1510
0.6	0.8	0.6	0.6	1511
1.0	0.2	1.0	0.5	1512
1.0	0.4	0.2	0.4	1513
0.6	0.2	0.6	1.0	1514
0.8	0.8	0.1	0.3	1515
0.4	0.8	0.7	0.4	1516
0.4	1.0	0.9	0.6	1517
0.2	0.2	0.3	1.0	1518
0.6	1.0	0.5	0.0	1519
0.8	1.0	0.2	0.2	1520
0.2	0.8	0.5	0.1	585
0.8	0.2	0.7	0.7	586
0.2	1.0	0.8	0.6	587
0.6	0.6	1.0	0.5	588
1.0	0.2	0.6	0.2	589
0.4	0.4	0.6	0.0	590
0.4	0.8	0.1	0.4	591
0.2	1.0	0.3	0.1	592
0.8	1.0	0.6	0.8	593
0.8	0.8	0.4	0.9	594
0.8	0.8	0.8	0.3	595
1.0	0.8	1.0	0.0	596
0.2	0.8	0.6	0.6	597
1.0	0.2	1.0	0.0	598
0.4	1.0	0.5	0.9	599
0.6	0.8	0.5	0.8	600
0.6	1.0	0.1	0.6	601
0.2	0.8	0.0	0.0	602
0.8	0.2	0.0	0.0	603
0.6	0.8	0.1	0.8	604
0.6	0.4	0.9	0.1	605
0.2	1.0	0.7	0.5	606
0.2	0.8	0.8	0.0	607
0.6	1.0	0.1	1.0	608
1.0	0.2	0.2	0.1	609
0.8	0.4	0.4	1.0	610
0.6	0.2	0.3	1.0	611
0.6	0.2	0.8	0.1	612
0.8	0.4	0.9	0.8	613
1.0	0.6	0.1	1.0	614
0.4	1.0	0.9	0.3	615
0.8	0.8	0.5	0.1	616
0.4	0.8	0.8	0.9	617
0.6	0.8	0.2	0.6	618
0.6	0.2	0.2	0.6	619
0.4	0.4	0.6	0.7	620
0.6	0.8	0.9	0.9	621
0.6	0.6	0.5	0.5	622
0.4	0.8	0.4	0.2	623
0.6	0.6	0.5	1.0	624
0.4	0.8	0.9	1.0	625
0.4	0.2	0.4	0.2	626
1.0	0.8	0.7	0.6	627
0.4	0.6	0.5	0.9	628
0.6	0.8	0.4	0.4	629
1.0	0.4	0.9	0.2	1616
0.8	0.8	0.1	0.8	1617
0.8	0.6	0.5	0.6	1618
0.6	0.2	0.5	0.5	1619
0.2	0.6	0.8	0.2	1620
0.4	0.4	0.3	0.8	1621
0.6	0.8	0.6	0.5	1622
1.0	0.2	0.2	0.7	1623
0.6	0.4	0.9	0.2	1624
0.6	1.0	0.1	0.2	1625
0.8	0.4	0.3	0.9	1626
1.0	0.4	0.3	0.4	1627
1.0	0.2	0.1	0.5	1628
1.0	0.8	0.7	0.0	1629
0.8	0.6	0.8	0.2	1630
1.0	1.0	1.0	0.3	1631
0.4	0.6	0.5	0.4	1632
1.0	0.8	0.8	0.8	1633
0.8	0.8	0.7	0.5	1634
1.0	0.2	0.7	0.7	1635
0.8	0.2	1.0	0.0	1636
0.8	0.6	0.6	0.1	1637
0.4	0.2	0.4	1.0	1638
0.2	0.8	1.0	0.7	1639
0.4	0.4	0.1	0.6	1640
0.6	0.8	0.3	0.7	1641
0.8	0.2	0.6	0.3	1642
1.0	1.0	1.0	0.2	1643
0.2	0.6	0.2	0.7	1644
0.6	0.4	0.5	0.9	1645
1.0	0.6	0.0	0.6	1646
1.0	0.6	0.6	0.3	1647
0.2	1.0	0.5	1.0	1648
0.2	0.2	0.3	0.6	1649
0.2	0.2	0.3	0.1	1650
0.4	0.4	1.0	0.6	1651
1.0	0.2	0.1	1.0	1652
0.6	0.8	0.5	0.5	1653
1.0	0.2	0.8	0.2	1654
0.2	0.8	1.0	0.4	1655
0.6	0.6	0.9	1.0	1656
0.4	0.8	0.5	0.6	1657
0.8	0.6	0.9	0.3	1658
0.4	0.2	0.3	0.0	1659
0.2	1.0	0.4	0.6	1660
1.0	0.6	0.9	0.6	1661
0.4	1.0	0.6	0.2	1662
1.0	0.8	0.4	0.5	1663
0.8	0.2	0.3	0.9	1664
0.4	0.2	0.7	0.7	1665
0.4	1.0	0.9	0.9	1666
0.8	0.4	0.8	0.6	1667
0.8	0.6	0.5	0.9	1668
0.4	0.8	0.5	0.1	1669
0.6	0.4	0.2	0.2	1670
1.0	1.0	0.4	0.0	1671
0.4	0.8	0.3	0.3	1672
0.8	0.4	0.2	0.1	1673
0.4	0.2	0.0	0.7	1674
0.6	0.4	0.3	0.8	1675
0.4	0.8	0.2	0.5	1133
0.8	0.4	0.7	0.2	1134
0.6	0.2	0.4	0.3	1135
0.8	0.6	0.8	0.9	1136
1.0	0.4	0.3	1.0	1137
0.2	0.2	0.9	0.0	1138
0.2	0.4	1.0	0.6	1139
0.8	0.2	0.4	0.5	1140
0.8	1.0	0.8	0.9	1141
0.6	0.8	0.9	0.6	1142
0.2	0.2	0.4	0.5	1143
1.0	0.4	1.0	0.3	1144
0.4	0.8	0.6	0.8	1145
0.4	0.8	0.8	0.6	1146
0.4	0.4	0.9	0.5	1147
0.4	0.8	0.3	0.6	1148
1.0	0.4	0.8	1.0	1149
0.8	0.2	0.9	0.0	1150
0.6	0.4	0.8	0.6	1151
0.2	0.6	0.4	0.8	1152
1.0	0.6	0.8	0.4	1153
0.2	1.0	0.8	0.9	1154
0.8	0.4	0.3	0.8	1155
0.4	0.6	0.9	0.4	1156
0.2	1.0	0.1	0.4	1157
0.6	0.6	0.0	0.4	1158
0.8	0.8	0.9	0.2	1159
1.0	0.4	0.6	0.7	1160
0.6	0.4	0.1	0.2	1161
1.0	0.4	0.5	0.2	1162
0.6	1.0	0.3	0.4	1163
0.6	0.8	1.0	0.4	1164
0.4	1.0	0.5	0.1	1165
0.4	0.6	0.5	0.1	1166
0.4	0.6	0.7	0.8	1167
1.0	0.8	0.9	1.0	1168
0.4	0.6	0.7	0.0	1169
0.2	1.0	0.4	0.3	1170
0.6	0.8	0.4	0.7	1171
0.4	0.6	0.3	0.4	1839
0.6	0.2	0.5	0.7	1840
0.4	0.4	0.2	0.5	1841
0.8	1.0	0.8	1.0	1842
0.6	0.4	0.5	0.4	1843
0.8	1.0	1.0	0.2	1844
1.0	0.2	1.0	0.2	1845
0.6	0.8	0.0	0.1	1846
1.0	1.0	0.6	0.6	1847
0.4	0.4	0.1	0.8	1848
0.8	0.6	0.4	0.4	1849
0.4	0.4	0.1	0.3	1850
0.6	0.8	0.5	0.3	1851
0.6	0.8	0.0	1.0	1852
0.6	1.0	0.8	0.2	1853
0.8	0.6	0.6	0.7	1854
0.4	0.6	0.2	0.4	1855
0.6	0.6	0.2	0.7	1856
0.6	1.0	0.7	0.8	1857
0.8	1.0	0.3	0.5	1858
0.2	1.0	0.8	1.0	1859
0.8	0.2	0.4	0.9	1860
1.0	0.4	0.6	0.4	1861
0.8	0.8	0.2	0.0	1862
0.2	0.4	0.4	0.5	1863
1.0	0.2	0.8	0.6	1864
0.8	1.0	0.3	0.1	1865
0.6	0.8	0.5	0.2	1866
0.8	0.6	0.9	0.9	1867
1.0	0.8	0.5	0.7	1868
0.4	0.2	0.8	0.9	1869
0.6	0.2	1.0	0.0	1870
0.8	0.8	0.8	0.0	1871
0.2	0.2	0.0	0.2	1872
0.6	0.6	0.2	0.8	1873
0.6	0.6	0.1	0.6	1874
1.0	0.4	0.4	0.8	1875
0.6	0.2	0.8	1.0	1876
0.6	1.0	0.7	0.3	1877
1.0	0.6	0.5	0.5	1878
0.2	0.4	0.9	0.2	1879
0.8	0.2	0.7	0.2	1880
1.0	0.8	0.6	0.7	1881
0.2	0.6	0.0	0.0	1324
0.2	0.8	0.6	0.7	1325
1.0	0.6	0.3	0.5	1326
0.4	0.2	0.4	0.5	1327
1.0	0.8	0.2	0.8	1328
0.8	0.8	0.5	0.0	1329
0.8	0.6	0.2	0.7	1330
0.6	0.6	0.5	0.2	1331
1.0	0.6	0.3	0.1	1332
1.0	0.6	0.5	0.8	1333
0.6	0.8	0.2	0.2	1334
0.2	0.8	0.7	0.6	1335
0.4	1.0	0.4	0.7	1336
0.8	0.6	0.1	0.5	1337
0.2	0.6	0.4	0.9	1338
1.0	0.2	0.6	1.0	1339
1.0	0.2	0.8	0.3	1340
0.2	0.6	0.1	0.6	1341
0.2	0.6	0.8	0.8	1342
0.6	0.8	0.3	0.0	1343
0.8	0.2	0.3	1.0	1344
0.2	1.0	0.6	1.0	1345
0.8	0.6	0.8	0.3	1346
1.0	0.8	0.2	0.3	1347
1.0	0.2	0.8	0.7	1348
0.8	0.6	0.2	0.0	1349
0.2	0.6	0.3	0.0	1350
0.2	0.6	0.3	0.3	1351
0.8	0.6	0.7	0.2	1352
0.2	1.0	0.3	0.8	1353
0.2	0.8	0.0	0.5	1354
0.6	0.4	0.4	0.5	1355
0.6	0.2	0.2	0.8	1356
1.0	0.4	0.6	0.9	1357
1.0	1.0	0.5	0.0	1358
0.8	1.0	0.0	0.2	1359
0.2	0.2	0.2	1.0	1360
0.4	0.2	0.6	0.9	1361
0.6	0.6	0.5	0.3	1362
1.0	0.6	0.5	0.3	1363
0.4	1.0	0.3	0.9	1364
1.0	0.8	1.0	0.6	1365
1.0	0.6	1.0	0.2	1366
0.6	0.2	1.0	0.1	1367
0.6	0.6	1.0	0.2	1368
0.2	0.6	0.5	0.6	1369
0.2	0.2	0.2	0.1	1370
0.6	0.8	0.2	0.3	1919
1.0	1.0	0.2	0.5	1920
0.4	0.4	0.7	0.3	1921
0.6	0.8	0.6	1.0	1922
1.0	0.6	0.6	0.0	1923
0.4	0.8	0.4	0.1	1924
0.8	0.6	0.3	0.0	1925
0.8	1.0	0.1	0.6	1926
0.2	0.8	0.3	0.6	1927
0.2	0.6	0.7	0.7	1928
0.8	1.0	0.7	0.3	1929
0.6	0.8	0.7	0.7	1930
0.2	0.2	0.0	0.6	1931
1.0	1.0	0.6	0.7	1932
0.2	0.6	1.0	0.5	1933
0.8	0.2	0.4	0.4	1934
1.0	0.8	0.0	0.2	1935
1.0	0.6	1.0	0.0	1936
0.8	1.0	1.0	0.6	1937
0.6	0.8	0.7	0.0	1938
0.8	0.6	0.8	0.0	1939
0.6	0.2	0.3	0.3	1940
0.8	0.2	0.8	1.0	1941
0.2	0.8	0.8	1.0	1942
0.6	1.0	0.0	1.0	1943
0.8	1.0	0.6	0.6	1944
0.2	1.0	0.6	0.6	1945
0.6	0.8	1.0	0.5	1946
0.8	1.0	0.5	1.0	1947
1.0	0.8	0.8	0.0	1948
0.8	0.6	0.3	0.8	1949
0.8	0.8	0.6	0.3	1950
1.0	0.6	0.1	0.7	1951
0.6	0.6	0.6	0.7	1952
0.6	1.0	0.6	0.2	1953
0.2	0.6	0.0	0.8	1954
1.0	1.0	0.2	0.8	1553
0.2	1.0	0.0	0.1	1554
0.4	0.4	0.0	0.5	1555
0.2	1.0	0.1	0.0	1556
1.0	0.2	0.6	0.0	1557
0.6	0.2	0.7	0.5	1558
1.0	0.8	0.0	0.5	1559
0.2	0.6	0.0	0.5	1560
0.6	0.8	0.6	0.2	1561
0.8	0.8	0.1	1.0	1562
0.8	1.0	0.3	0.6	1563
0.6	0.2	0.2	1.0	1564
0.4	0.4	0.3	0.6	1565
0.4	0.2	0.9	0.5	1566
0.4	0.8	0.3	0.9	1567
0.4	0.8	0.7	0.9	1568
0.8	0.4	0.6	0.9	1569
0.8	0.6	0.0	0.1	1570
0.4	0.4	0.5	0.3	1571
1.0	0.8	0.1	0.2	1572
1.0	0.2	0.1	0.3	1573
1.0	0.2	0.2	0.5	1574
1.0	0.6	0.0	0.0	1575
0.6	0.6	0.3	0.3	1576
1.0	0.6	1.0	0.1	1577
0.2	1.0	0.2	1.0	1578
0.8	0.2	0.0	0.8	1579
0.2	0.8	0.1	1.0	1580
0.4	0.2	0.5	0.4	1581
0.2	0.6	0.4	0.4	1582
1.0	0.2	0.1	0.8	1583
0.6	0.2	0.1	0.3	1584
0.2	0.8	0.0	0.7	1585
0.2	0.6	1.0	0.7	1586
1.0	0.6	0.6	0.5	1587
0.6	1.0	0.4	0.3	2115
0.8	0.4	0.5	0.2	2116
1.0	0.4	1.0	0.1	2117
1.0	0.4	0.0	0.7	2118
0.8	0.4	0.5	0.7	2119
0.6	1.0	0.9	0.1	2120
0.2	1.0	0.7	0.4	2121
0.6	0.6	1.0	0.4	2122
0.4	0.8	0.4	0.9	2123
0.4	1.0	0.2	1.0	2124
0.2	0.4	0.6	0.2	2125
0.8	0.8	0.3	0.9	2126
0.2	0.8	0.9	0.5	2127
0.4	0.4	0.6	0.9	2128
0.6	0.4	0.7	0.2	2129
0.8	1.0	0.4	1.0	2130
0.2	0.2	0.9	0.1	2131
1.0	0.4	0.2	0.3	2132
0.6	0.6	0.8	0.9	2133
1.0	0.4	0.0	0.3	2134
0.4	0.2	0.8	0.7	2135
1.0	0.4	0.4	0.9	2136
0.8	0.6	0.8	0.4	2137
0.4	0.8	0.3	0.0	2138
0.8	0.8	0.0	0.9	2139
0.2	0.4	0.7	1.0	2140
0.2	0.6	1.0	0.1	1753
0.8	0.8	0.8	0.6	1754
0.4	0.4	0.9	0.4	1755
1.0	1.0	0.7	0.5	1756
1.0	0.2	0.7	0.8	1757
0.2	0.6	0.6	0.5	1758
0.2	0.4	0.9	0.6	1759
0.6	0.2	0.3	0.7	1760
0.8	0.2	0.6	0.8	1761
0.6	0.6	0.5	0.0	1762
0.8	1.0	0.2	0.7	1763
0.8	0.8	0.8	0.1	1764
0.2	0.8	0.8	0.5	1765
0.6	0.4	0.9	0.0	1766
0.6	1.0	0.0	0.5	1767
0.2	1.0	0.0	0.3	1768
0.8	0.8	0.4	0.4	1769
0.2	0.6	0.0	0.3	1770
0.8	0.2	0.9	0.9	1771
0.4	1.0	0.0	0.9	1772
1.0	0.8	0.6	0.6	1773
0.6	1.0	0.3	0.1	1774
0.8	1.0	0.7	0.7	1775
0.8	0.6	0.1	0.1	1776
0.6	0.6	0.5	0.8	1777
1.0	1.0	0.1	0.7	1778
1.0	1.0	0.0	1.0	1779
0.6	0.2	0.5	0.1	1780
0.6	1.0	0.7	0.6	1781
1.0	0.2	0.8	0.0	1782
0.2	0.6	0.2	0.8	1783
0.6	1.0	0.2	0.5	1784
0.6	0.6	0.4	0.4	1785
1.0	0.6	0.8	0.1	1786
0.6	0.6	0.2	1.0	1787
0.2	0.2	0.2	0.5	1788
1.0	0.8	0.2	0.7	1789
0.6	0.6	0.0	0.5	1790
0.4	0.6	0.4	0.7	1791
0.6	0.6	0.8	0.1	1792
0.6	0.2	0.0	0.2	1793
0.6	0.2	0.6	0.3	1989
0.4	0.2	0.9	1.0	1990
0.4	0.4	0.7	0.6	1991
0.6	0.6	0.8	0.7	1992
0.6	0.6	0.0	0.0	1993
0.8	1.0	0.7	1.0	1994
0.6	0.8	0.3	0.5	1995
0.6	0.4	0.0	0.9	1996
0.6	0.6	0.7	0.7	1997
1.0	0.2	1.0	0.3	1998
0.4	0.2	0.7	0.9	1999
1.0	1.0	0.0	0.3	2000
1.0	0.2	0.0	0.5	2001
0.4	0.4	0.3	1.0	2002
0.8	0.6	0.2	1.0	2003
0.4	0.4	0.8	1.0	2004
0.2	0.8	0.5	1.0	2005
0.2	0.6	0.6	0.8	2006
1.0	0.6	0.0	0.8	2007
0.6	0.6	0.6	0.1	2008
0.8	1.0	0.5	0.0	2009
0.2	0.2	0.2	0.2	2010
0.8	1.0	0.6	0.3	2011
0.2	0.6	1.0	0.0	2012
0.8	0.2	0.7	0.8	2013
0.4	1.0	0.1	0.9	2014
1.0	0.8	0.1	0.3	2015
0.4	0.4	0.5	0.7	2016
1.0	0.8	0.6	0.8	2017
1.0	0.8	0.1	0.7	2018
1.0	0.6	0.2	0.2	2019
0.8	0.4	0.7	0.4	2020
0.6	1.0	0.3	0.3	2021
1.0	1.0	0.3	0.8	2022
0.8	0.8	0.7	0.3	2023
0.8	1.0	0.2	0.6	2024
0.8	1.0	0.2	0.1	2025
0.6	0.6	0.1	0.1	2026
0.4	1.0	0.9	0.0	2027
1.0	0.8	0.5	0.8	2028
1.0	0.2	0.5	0.3	2029
1.0	1.0	0.0	0.8	2030
0.2	0.2	1.0	0.6	2031
1.0	0.2	0.0	1.0	2032
0.8	0.4	0.9	0.3	2033
0.6	0.8	0.2	1.0	2034
0.4	1.0	0.6	0.9	2035
0.2	0.6	0.8	1.0	2036
0.2	0.2	0.7	0.7	2037
0.2	0.2	0.8	0.0	2038
0.8	0.6	0.8	0.5	2039
0.4	0.2	0.1	0.4	2141
0.2	0.8	0.2	0.7	2142
1.0	0.2	0.8	0.5	2143
1.0	1.0	0.9	0.4	2144
1.0	1.0	0.8	0.0	2145
0.4	1.0	0.8	0.4	2146
0.8	0.2	0.8	0.3	2147
1.0	0.8	0.2	1.0	2148
0.8	0.2	0.1	0.1	2149
0.2	0.8	0.3	0.0	2150
1.0	0.8	0.8	0.6	2151
0.8	0.8	0.6	1.0	2152
0.2	0.8	0.1	0.5	2153
0.4	0.4	0.5	0.8	2154
0.2	1.0	0.6	0.7	2155
1.0	0.6	0.5	1.0	2156
0.6	0.6	0.0	0.2	2157
0.6	0.2	0.3	0.5	2158
0.4	0.4	0.0	0.1	2159
0.8	0.8	1.0	0.6	2160
0.8	0.8	0.6	0.5	2161
0.4	0.4	0.1	0.0	2162
0.6	0.4	0.2	0.9	2163
1.0	0.6	0.7	0.0	2164
0.8	0.2	0.5	0.6	2165
0.2	0.2	1.0	0.1	2166
0.8	0.2	0.8	0.2	2167
1.0	0.2	0.5	0.2	2168
0.6	0.2	0.1	0.8	2169
1.0	1.0	0.8	0.7	2170
0.4	0.6	0.9	0.7	2171
1.0	0.8	0.8	1.0	2172
0.6	0.8	0.8	0.6	2173
1.0	0.6	1.0	0.6	2174
0.4	0.4	0.1	0.7	2175
1.0	0.8	0.6	0.0	2176
0.2	1.0	1.0	0.2	2177
0.2	0.6	0.5	0.2	2178
0.6	0.8	0.7	1.0	2179
1.0	0.4	0.9	0.5	2180
0.6	0.2	0.7	0.6	2181
0.4	0.4	0.7	1.0	2182
0.4	0.2	0.4	0.8	2183
0.4	0.4	0.0	0.6	2184
0.8	0.8	0.7	0.0	2185
0.6	0.8	0.9	0.3	2271
0.4	0.6	0.8	0.1	2272
0.2	1.0	0.0	0.4	2273
0.4	0.6	0.1	0.8	2274
0.6	0.4	0.0	0.8	2275
0.4	0.2	0.3	0.2	2276
0.6	1.0	0.8	0.9	2277
0.4	0.8	0.0	0.2	2278
1.0	0.6	0.4	0.2	2279
1.0	0.6	0.3	0.9	2280
0.4	0.6	0.2	0.6	2281
0.8	0.4	0.3	1.0	2282
0.2	1.0	0.9	0.2	2283
0.8	0.4	0.8	0.1	2284
1.0	1.0	0.4	0.3	2285
0.4	0.8	0.0	0.7	2286
0.4	0.8	0.2	0.8	2287
0.8	0.4	0.7	0.1	2288
1.0	0.2	0.9	0.8	2289
1.0	0.2	0.5	0.9	2290
0.8	0.4	0.2	0.6	2291
0.4	0.6	0.0	0.1	2292
0.6	0.2	0.3	0.4	2293
0.8	0.6	0.9	0.7	2294
0.2	0.4	0.7	0.6	2295
0.4	0.2	0.5	1.0	2296
1.0	0.4	0.3	0.2	2297
0.6	0.4	0.5	1.0	2298
0.4	0.4	0.4	1.0	2299
0.6	1.0	0.5	0.4	2300
0.8	0.4	0.2	0.5	2301
0.2	0.6	0.7	0.4	2302
1.0	0.8	0.7	0.4	2440
1.0	0.4	0.7	0.7	2441
1.0	0.8	0.9	0.3	2442
1.0	0.8	0.8	0.4	2443
0.4	0.8	0.9	0.4	2444
0.4	1.0	1.0	0.0	2445
1.0	0.2	0.9	0.2	2446
0.4	1.0	0.3	0.5	2447
0.8	0.4	0.1	0.2	2448
0.4	0.8	0.1	0.1	2449
1.0	0.4	0.7	0.3	2450
0.8	0.4	0.5	0.8	2451
1.0	0.2	0.4	1.0	2452
1.0	0.4	0.6	0.1	2453
0.2	0.4	0.2	0.6	2454
0.8	0.8	0.9	0.1	2455
1.0	0.4	0.5	0.5	2456
1.0	0.4	0.5	0.1	2457
0.6	0.2	0.4	0.1	2458
0.2	0.2	0.3	0.9	2459
0.2	0.6	0.8	0.4	2460
1.0	0.4	1.0	0.6	2461
0.6	0.4	0.7	0.0	2462
0.4	1.0	0.7	0.1	2463
0.8	0.2	0.8	0.9	2464
0.6	0.2	0.9	0.7	2465
1.0	0.4	0.6	0.6	2466
0.6	1.0	0.3	0.9	2467
0.6	0.4	0.5	0.5	2468
0.8	0.4	0.6	0.7	2469
0.2	0.4	0.8	0.5	2470
0.2	0.2	0.4	0.3	2471
0.8	0.2	0.6	0.4	2472
0.2	0.4	0.1	0.7	2473
1.0	0.4	0.8	0.2	2474
0.8	0.8	0.5	0.4	2475
0.6	0.4	0.8	0.8	2476
0.4	0.6	0.8	0.0	808
0.2	0.2	0.7	0.4	809
0.8	0.6	0.6	0.4	810
1.0	1.0	0.4	0.1	811
0.6	0.4	0.7	0.1	812
0.4	0.2	0.2	0.5	813
0.2	1.0	0.9	1.0	814
1.0	0.4	0.5	0.7	815
1.0	0.4	0.7	0.1	816
0.4	0.2	0.0	0.5	817
0.8	0.8	0.5	0.9	818
0.6	0.2	0.9	0.6	819
0.2	0.2	0.6	0.9	820
0.6	0.4	0.1	0.3	821
1.0	0.2	0.9	0.1	822
0.4	1.0	0.2	0.2	823
0.8	0.4	0.3	0.7	824
0.8	0.2	0.3	0.4	825
0.8	0.4	0.5	0.5	826
0.8	0.4	0.5	0.1	827
0.4	0.2	0.3	0.6	828
0.8	1.0	0.2	0.9	829
0.2	0.6	0.5	0.4	830
0.6	0.4	0.9	0.9	831
1.0	0.4	0.3	0.5	832
0.8	0.6	0.9	1.0	833
0.6	0.8	0.9	1.0	834
0.8	0.6	0.5	0.4	835
1.0	0.4	0.3	0.1	836
0.4	0.2	0.3	0.1	837
0.8	0.6	0.7	0.9	838
0.4	0.4	0.4	0.7	839
0.4	0.8	0.6	0.2	840
0.2	0.4	0.5	0.5	841
0.6	0.8	0.4	0.2	842
0.6	0.2	0.2	0.9	843
0.8	0.8	0.1	0.6	2477
0.6	0.4	0.4	0.3	2478
0.2	0.6	0.3	0.6	2479
0.4	0.8	0.6	0.4	2480
0.6	0.8	0.7	0.1	2481
0.2	0.8	0.8	0.3	2482
0.4	0.6	0.4	0.1	2483
0.4	0.4	0.7	0.5	2484
1.0	0.6	0.1	0.6	2485
0.8	0.2	0.3	0.8	2486
0.4	0.4	0.6	0.8	2487
0.8	0.2	0.6	0.6	2488
0.6	1.0	0.5	0.6	2489
0.2	0.8	0.9	0.4	2490
0.6	0.8	0.1	0.3	2491
0.4	0.6	0.9	0.3	2492
0.6	0.6	0.9	0.4	2493
0.8	0.2	0.2	0.3	2494
0.8	1.0	0.3	1.0	2495
1.0	0.6	0.8	0.0	2496
0.8	0.6	0.6	0.2	2497
1.0	0.6	0.6	0.6	2498
0.8	0.6	0.5	0.7	2499
0.6	0.6	0.1	0.5	2500
0.8	0.2	0.3	0.3	2501
0.2	0.2	0.2	0.8	2502
0.2	0.2	0.8	0.7	2503
0.8	1.0	0.2	0.5	2504
0.2	0.6	0.6	0.2	2505
0.2	1.0	0.6	0.3	2506
0.6	0.2	1.0	0.3	2507
0.8	1.0	0.0	0.1	2508
0.2	1.0	0.6	0.2	2509
0.6	0.4	0.9	1.0	2510
0.6	0.2	0.0	1.0	2511
0.6	0.4	0.7	0.9	2512
0.2	0.2	0.3	0.2	2513
0.6	0.8	1.0	0.1	1017
0.6	0.2	0.8	0.2	1018
0.6	1.0	0.9	0.9	1019
1.0	1.0	1.0	0.0	1020
0.4	1.0	0.4	0.2	1021
0.8	0.2	0.1	0.0	1022
0.2	0.2	0.3	0.5	1023
0.6	0.6	0.7	0.1	1024
0.2	0.2	0.5	0.8	1025
0.6	1.0	0.2	1.0	1026
0.8	1.0	0.5	0.1	1027
1.0	0.6	0.1	0.2	1028
1.0	0.8	0.3	0.2	1029
0.2	0.8	0.6	0.3	1030
0.2	0.6	0.2	0.0	1031
1.0	0.2	0.5	0.1	1032
0.4	0.4	0.0	0.3	1033
0.8	0.4	0.9	0.1	1034
0.6	0.6	0.5	0.7	1035
0.4	0.4	0.2	0.0	1036
1.0	0.2	0.3	0.7	1037
1.0	1.0	0.6	0.3	1038
0.2	1.0	0.7	0.2	1039
1.0	0.8	0.2	0.0	1040
0.4	0.4	0.7	0.2	1041
0.8	0.8	0.1	0.7	1042
0.4	0.8	0.3	0.4	1043
0.8	0.4	0.6	0.4	1044
1.0	1.0	0.8	1.0	1045
0.2	1.0	0.0	0.7	1046
0.2	0.4	0.3	0.9	1047
0.8	1.0	0.0	0.3	1048
0.2	1.0	0.2	0.7	1049
1.0	1.0	0.2	1.0	1050
0.4	0.4	0.7	0.7	1051
0.8	0.6	0.6	1.0	1052
0.6	0.2	0.5	0.6	1053
0.8	0.6	0.2	0.3	1054
0.8	0.4	0.4	0.2	1055
1.0	1.0	0.1	0.0	1056
0.2	0.2	0.7	0.5	1057
0.8	1.0	0.4	0.9	1058
1.0	0.8	0.2	0.2	1059
0.2	0.6	0.2	0.3	1060
0.8	1.0	0.3	0.3	1061
1.0	0.8	0.7	0.8	1172
1.0	0.6	0.4	0.4	1173
0.2	0.2	1.0	0.2	1174
1.0	0.6	0.3	1.0	1175
0.6	0.4	0.8	0.4	1176
0.2	0.2	1.0	0.0	1177
0.8	0.6	0.3	0.3	1178
0.8	0.8	0.6	0.8	1179
1.0	0.4	0.9	0.8	1180
1.0	0.8	0.5	0.6	1181
0.6	1.0	1.0	0.2	1182
1.0	0.8	0.5	1.0	1183
1.0	0.8	0.0	0.7	1184
0.6	0.8	0.4	0.9	1185
0.8	1.0	0.7	0.8	1186
0.6	0.2	0.9	0.4	1187
0.8	1.0	0.6	0.1	1188
0.6	0.4	0.1	0.9	1189
0.4	1.0	0.5	0.4	1190
0.2	0.6	0.8	0.7	1191
0.4	0.6	0.3	0.9	1192
0.6	0.2	0.2	0.7	1193
0.2	1.0	0.8	0.2	1194
0.2	0.2	0.1	0.0	1195
1.0	0.8	0.7	0.7	1196
0.2	0.2	0.1	0.7	1197
0.4	0.2	0.4	0.6	1198
0.2	0.8	0.1	0.3	1199
0.8	0.6	1.0	0.5	1200
0.6	0.2	0.6	0.1	1201
1.0	0.2	0.3	0.2	1202
0.6	0.2	0.8	0.8	1203
0.6	0.2	0.2	0.3	1204
0.6	1.0	0.6	0.8	1205
0.4	0.2	0.9	0.0	1206
0.4	0.2	0.9	0.2	1207
0.8	0.2	0.0	0.5	1208
0.2	0.8	0.2	1.0	1209
0.2	0.8	0.3	0.5	1210
0.8	0.6	0.2	0.2	1211
0.8	1.0	0.6	0.5	1212
0.8	0.2	0.2	1.0	1213
0.2	1.0	0.2	0.3	1214
0.6	0.8	0.8	0.0	1215
0.2	1.0	0.5	0.5	2717
1.0	1.0	0.1	0.3	2718
0.6	0.6	0.3	1.0	2719
1.0	0.6	0.1	0.8	2720
0.6	0.6	0.3	0.1	2721
0.2	0.4	0.9	0.5	2722
1.0	0.6	0.8	0.5	2723
0.8	0.2	0.1	0.3	2724
0.4	0.8	0.4	0.6	2725
0.6	1.0	1.0	0.3	2726
0.8	1.0	0.8	0.2	2727
0.8	0.6	0.0	0.8	2728
0.6	0.2	0.4	0.9	2729
0.4	0.4	0.0	0.8	2730
0.8	0.8	0.6	0.2	2731
0.2	1.0	0.2	0.8	2732
0.2	0.6	0.0	0.2	2733
0.4	0.6	0.0	0.9	2734
1.0	0.2	0.2	0.0	2735
0.4	0.4	0.5	1.0	2736
0.6	0.4	0.6	0.9	2737
0.4	0.2	0.4	0.1	2738
0.6	0.6	0.8	1.0	2739
1.0	1.0	0.2	0.1	2740
0.2	0.8	0.0	0.1	2741
1.0	0.2	0.3	0.3	2742
1.0	1.0	0.3	0.1	2743
0.8	0.2	0.6	0.7	2744
0.6	0.2	0.0	0.3	2745
0.6	0.6	0.9	0.9	2746
0.4	0.6	0.7	0.9	2747
0.6	0.4	0.3	0.4	2748
0.2	0.4	0.9	0.1	2749
0.4	0.4	0.1	1.0	2750
0.6	0.8	0.1	1.0	2751
0.8	0.2	0.3	0.5	2752
0.2	0.6	0.8	0.3	2753
0.2	0.2	0.1	0.8	2754
0.4	0.8	0.1	0.9	2755
0.6	0.6	0.8	0.6	2756
0.2	1.0	0.3	0.2	2757
0.8	1.0	0.7	0.2	2758
0.2	0.2	0.6	0.0	2759
0.6	0.8	0.0	0.3	2760
0.2	0.2	0.7	1.0	2761
1.0	0.2	1.0	0.6	2762
0.4	0.2	0.9	0.3	2763
0.8	0.4	0.0	0.3	2845
1.0	0.4	0.1	0.8	2846
0.2	0.6	0.9	0.6	2847
0.8	0.8	0.8	0.4	2848
0.2	0.6	0.9	0.5	2849
1.0	0.4	0.8	0.5	2850
0.6	1.0	0.9	0.7	2851
0.8	0.8	0.9	0.8	2852
0.2	0.4	0.5	0.6	2853
0.6	0.6	0.4	0.5	2854
1.0	0.4	0.7	0.6	2855
0.2	0.4	0.2	0.2	2856
0.4	0.2	0.6	0.7	2857
1.0	0.2	0.9	0.5	2858
1.0	0.8	0.7	0.9	2859
0.4	0.8	0.5	0.7	2860
1.0	0.2	0.3	0.9	2861
0.2	0.8	0.5	0.9	2862
0.8	0.4	0.2	0.8	2863
0.6	0.6	0.4	1.0	2864
0.6	0.4	0.2	1.0	2865
0.4	0.2	0.9	0.9	2866
0.4	0.8	1.0	0.0	2867
0.8	0.4	0.0	0.0	2868
0.4	0.2	0.8	0.1	2869
0.4	0.8	0.9	0.9	2870
0.4	0.6	0.7	0.3	2871
0.4	1.0	0.7	0.7	2872
1.0	0.6	0.4	0.0	1371
1.0	0.4	0.5	1.0	1372
0.2	0.8	0.0	0.9	1373
0.4	0.8	0.1	0.5	1374
0.6	0.8	0.4	0.1	1375
0.8	0.4	0.1	0.3	1376
0.6	0.2	0.9	0.3	1377
1.0	0.4	0.1	1.0	1378
0.6	0.8	0.4	1.0	1379
0.4	0.4	0.7	0.4	1380
0.4	1.0	0.2	0.5	1381
1.0	0.4	0.2	0.0	1382
1.0	0.6	0.6	0.4	1383
0.6	0.2	0.9	0.0	1384
0.2	0.4	0.6	0.3	1385
0.6	0.2	0.5	0.9	1386
0.8	0.4	0.3	0.5	1387
0.8	0.6	0.9	0.8	1388
0.4	0.2	0.3	0.7	1389
0.6	0.8	0.9	0.7	1390
1.0	0.6	0.0	0.9	1391
0.6	0.2	0.9	0.8	1392
0.4	0.2	0.8	0.2	1393
1.0	0.4	0.7	0.0	1394
0.4	0.4	0.5	0.9	1395
0.6	0.6	0.6	0.4	1396
0.4	0.2	1.0	0.5	1397
1.0	0.4	0.8	0.7	1398
0.4	1.0	0.0	0.6	1399
0.2	0.4	0.1	0.2	1400
0.2	0.2	0.0	0.9	1401
0.8	0.2	0.9	1.0	1402
1.0	0.2	0.0	0.4	1403
0.8	0.8	0.6	0.4	1404
0.6	0.4	0.3	0.3	1521
0.4	1.0	0.8	0.5	1522
0.8	0.6	0.4	1.0	1523
0.6	0.8	0.1	0.9	1524
0.8	0.4	0.0	0.5	1525
0.6	0.4	0.6	1.0	1526
0.4	0.6	1.0	0.3	1527
0.2	1.0	0.8	0.4	1528
0.2	0.8	0.9	0.1	1529
0.2	0.4	0.2	1.0	1530
1.0	0.8	0.9	0.0	1531
0.4	0.2	0.6	0.1	1532
1.0	1.0	0.8	0.9	1533
1.0	0.6	0.9	0.5	1534
0.2	1.0	0.5	0.9	1535
0.4	0.2	0.1	0.1	1536
0.4	1.0	0.3	0.6	1537
0.8	0.2	0.4	0.7	1538
0.4	0.6	0.3	0.1	1539
0.6	0.6	0.3	0.9	1540
0.8	0.8	0.7	0.9	1541
0.8	0.4	0.1	0.8	1542
1.0	0.6	0.2	0.9	1543
0.4	0.4	0.9	0.2	1544
0.4	1.0	0.6	0.7	1545
0.6	0.4	0.0	0.0	1546
0.4	0.2	0.0	0.8	1547
0.8	0.6	0.4	0.6	1548
0.4	0.8	0.8	0.3	1549
0.2	1.0	0.3	0.4	1550
0.2	1.0	0.4	0.5	1551
1.0	0.4	0.7	0.8	1552
0.4	0.6	0.0	0.8	2514
0.6	0.2	0.9	1.0	2515
0.4	0.2	1.0	0.7	2516
1.0	1.0	0.9	0.7	2517
0.6	0.8	0.9	0.5	2518
0.4	0.2	0.1	0.2	2519
0.6	0.4	0.8	0.1	2520
0.8	0.4	0.6	0.5	2521
1.0	0.6	0.5	0.9	2522
0.4	0.6	0.8	0.8	2523
0.6	0.2	0.4	0.7	2524
0.2	0.4	0.0	0.0	2525
0.4	0.2	0.8	1.0	2526
0.4	1.0	0.3	0.3	2527
0.2	1.0	0.2	0.9	2528
1.0	0.4	0.0	0.5	2529
0.8	0.8	0.9	0.0	2530
1.0	0.4	0.1	0.3	2531
0.4	0.2	0.1	0.7	2532
1.0	0.2	0.1	0.4	2533
0.4	1.0	0.8	0.3	2534
0.4	0.4	0.9	0.6	2535
0.6	0.4	0.5	0.8	2536
0.8	0.4	0.2	0.3	2537
0.6	0.8	0.4	0.8	2538
0.4	1.0	0.8	0.2	2539
0.2	1.0	0.6	0.4	2540
0.6	0.4	0.7	0.5	2541
1.0	0.2	0.9	1.0	2542
0.6	0.8	0.6	0.4	2543
0.4	0.8	0.0	1.0	2544
0.2	0.2	0.0	0.4	2545
0.6	0.8	0.1	0.7	2793
0.8	1.0	0.2	1.0	2794
0.8	0.8	0.8	0.8	2795
0.8	0.4	0.9	0.0	2796
0.8	0.6	0.3	1.0	2797
0.4	0.4	0.3	0.1	2798
0.4	0.4	0.4	0.4	2799
0.6	1.0	0.3	0.7	2800
0.8	0.2	0.0	0.2	2801
0.6	0.8	0.0	0.6	2802
0.2	0.2	1.0	0.5	2803
0.8	0.2	0.2	0.7	2804
0.6	1.0	0.0	0.3	2805
0.8	0.6	0.5	0.3	2806
0.4	1.0	0.4	0.1	2807
0.6	0.8	1.0	0.7	2808
0.8	0.8	0.0	0.8	2809
0.2	0.8	0.3	0.7	2810
1.0	0.4	0.1	0.4	2811
0.6	0.2	0.8	0.6	2812
0.8	0.2	0.1	0.5	2813
0.4	0.4	0.7	0.1	2814
0.8	0.4	0.2	0.4	2815
0.8	0.8	0.5	0.6	2816
0.6	0.4	0.4	0.2	2817
0.8	1.0	0.7	0.6	2818
0.2	0.2	0.5	0.1	2819
0.8	0.2	0.8	0.8	2820
0.6	0.6	0.1	1.0	2821
0.2	0.4	0.4	0.6	2822
0.4	0.2	0.2	0.9	2823
1.0	1.0	0.5	0.5	2824
0.4	0.8	0.4	0.8	2825
0.8	0.6	0.2	0.6	2826
0.4	0.4	1.0	0.7	2827
0.6	0.6	0.0	0.8	2828
0.4	0.6	0.4	0.6	2829
0.8	1.0	1.0	0.3	2830
0.6	0.2	0.6	0.0	2831
1.0	0.8	0.6	0.2	2832
0.4	0.4	0.9	0.9	2833
0.2	0.6	0.0	1.0	2834
1.0	0.8	0.4	0.4	2835
0.6	0.2	0.1	0.2	2836
0.8	1.0	0.1	0.2	2837
0.2	0.2	0.2	0.7	2838
1.0	1.0	0.2	0.7	2839
0.2	0.6	0.1	0.8	2840
0.8	0.8	0.3	0.0	2841
0.2	1.0	0.9	0.9	2842
0.8	0.8	0.2	0.2	2843
0.6	1.0	0.8	0.7	2844
0.8	0.4	0.4	0.6	1676
1.0	0.6	0.7	0.2	1677
1.0	1.0	1.0	0.1	1678
0.6	0.4	0.9	0.5	1679
0.8	0.2	0.8	0.0	1680
0.2	0.4	0.1	0.9	1681
0.6	1.0	0.4	0.9	1682
0.8	0.8	0.6	0.1	1683
0.8	0.8	0.1	0.5	1684
1.0	0.8	0.2	0.6	1685
0.2	1.0	0.8	0.1	1686
0.2	1.0	0.2	0.6	1687
0.6	1.0	0.8	0.0	1688
0.2	0.8	0.3	0.3	1689
0.6	1.0	0.7	0.2	1690
0.4	0.4	0.0	1.0	1691
0.6	1.0	1.0	0.6	1692
1.0	0.2	0.2	0.6	1693
0.2	0.8	0.4	0.9	1694
0.8	0.2	0.7	0.0	1695
0.2	0.8	0.6	1.0	1696
1.0	0.8	1.0	0.3	1697
0.6	0.4	0.3	0.9	1698
0.4	0.8	0.2	0.9	1699
0.6	0.8	1.0	0.2	1700
1.0	0.2	0.2	1.0	1701
0.6	0.4	1.0	0.4	1702
0.2	0.2	0.6	1.0	1703
0.6	0.8	0.5	0.0	1704
0.8	1.0	0.6	0.7	1705
0.6	0.8	0.2	0.1	1706
0.2	1.0	0.6	0.8	1707
0.8	0.8	0.7	0.8	1708
1.0	0.4	0.8	0.9	1709
0.4	0.8	0.0	0.9	1710
1.0	0.2	0.6	0.8	1711
0.4	0.8	0.9	0.5	1712
0.8	0.2	0.2	0.0	1713
0.8	0.8	0.3	0.2	1714
0.8	0.6	0.3	0.6	1715
0.4	0.2	0.4	0.0	1716
0.8	0.6	0.3	0.1	1717
0.6	0.4	0.1	0.5	1955
0.8	1.0	0.9	0.2	1956
0.8	0.2	1.0	0.4	1957
0.4	1.0	0.8	0.6	1958
0.6	0.2	0.4	1.0	1959
1.0	0.8	0.1	0.9	1960
0.4	0.4	0.4	0.5	1961
1.0	1.0	0.6	0.4	1962
0.4	1.0	0.7	1.0	1963
0.2	0.6	0.4	1.0	1964
0.6	0.2	0.1	0.9	1965
0.2	0.2	0.4	0.7	1966
0.4	0.6	0.1	0.2	1967
0.8	0.4	0.8	0.5	1968
0.4	0.4	0.4	0.6	1969
0.4	0.8	0.8	0.8	1970
0.6	0.6	0.9	0.5	1971
0.8	0.6	0.2	0.4	1972
1.0	0.8	0.5	0.9	1973
0.2	0.6	0.9	0.0	1974
0.2	0.4	0.5	0.0	1975
0.6	0.6	0.4	0.0	1976
0.4	0.6	0.3	0.5	1977
0.8	0.2	0.4	0.0	1978
0.8	0.4	0.3	0.6	1979
0.4	1.0	0.6	0.8	1980
1.0	1.0	0.4	0.2	1981
1.0	0.4	0.1	0.1	1982
0.8	1.0	0.2	0.4	1983
0.6	0.4	0.2	0.7	1984
0.2	0.6	0.1	0.9	1985
0.8	0.2	0.2	0.9	1986
0.4	0.6	0.2	0.5	1987
0.4	0.6	1.0	0.0	1988
0.2	1.0	0.3	0.9	2040
0.4	0.8	0.6	0.0	2041
0.8	1.0	1.0	0.4	2042
0.8	0.8	0.4	0.5	2043
0.2	0.8	0.4	0.1	2044
0.4	0.8	1.0	0.7	2045
0.4	0.6	0.2	0.0	2046
0.8	0.6	0.4	0.0	2047
0.4	0.2	0.2	0.1	2048
0.4	1.0	0.0	0.3	2049
1.0	0.2	0.2	0.9	2050
0.4	0.2	0.3	1.0	2051
0.8	0.8	0.4	0.6	2052
0.8	0.6	0.1	0.4	2053
0.8	0.6	0.9	0.1	2054
0.8	1.0	0.1	0.4	2055
0.4	1.0	0.3	0.8	2056
0.4	0.4	0.4	0.3	2057
0.2	0.4	0.6	0.6	2058
0.8	0.4	0.4	0.9	2059
1.0	0.4	0.4	0.4	2060
0.4	0.4	0.2	0.9	2061
0.2	0.4	0.0	0.7	2062
0.6	0.2	0.1	0.4	2063
0.8	0.4	0.8	0.7	2064
0.2	0.4	0.7	0.8	2065
0.4	0.8	0.5	0.2	2066
0.8	0.2	0.4	1.0	2067
0.4	1.0	0.8	0.0	2068
1.0	0.2	0.4	0.0	2069
0.4	1.0	0.2	0.0	2070
0.8	0.4	0.5	0.6	2071
0.6	0.6	0.6	0.9	2072
0.8	1.0	0.4	0.2	2073
0.4	0.6	0.7	0.2	2186
0.6	0.4	1.0	0.3	2187
1.0	0.4	1.0	0.0	2188
0.6	0.6	0.7	0.4	2189
0.8	0.8	0.2	0.4	2190
0.6	0.8	0.1	0.4	2191
0.2	0.2	0.8	0.4	2192
0.4	0.8	0.3	0.5	2193
1.0	0.4	0.8	0.1	2194
1.0	0.4	0.6	0.3	2195
1.0	0.8	0.6	0.4	2196
1.0	0.8	0.1	0.4	2197
1.0	0.4	0.1	0.0	2198
0.4	0.6	0.1	0.1	2199
0.8	0.8	0.3	0.4	2200
1.0	0.8	0.4	0.8	2201
0.6	0.4	0.0	0.1	2202
0.8	0.6	0.4	0.8	2203
1.0	0.6	0.9	0.0	2204
0.6	0.4	0.2	0.6	2205
0.4	0.2	0.5	0.0	2206
0.6	0.4	0.5	0.7	2207
0.2	1.0	0.4	0.7	2208
1.0	0.2	1.0	0.4	2209
0.4	0.2	0.0	1.0	2210
0.2	0.8	0.6	0.9	2211
0.2	1.0	0.4	0.8	2212
0.8	0.4	0.6	0.1	2213
1.0	1.0	0.8	0.4	2214
0.8	0.2	0.0	0.4	2215
1.0	0.4	0.0	0.6	2216
0.8	0.2	0.1	0.9	2217
0.6	0.4	0.6	0.0	2218
0.4	0.2	0.2	0.6	2219
0.8	0.4	0.0	0.2	2220
1.0	1.0	0.9	0.8	2221
0.4	1.0	0.6	0.1	2222
0.6	0.8	1.0	0.0	2303
1.0	1.0	0.1	0.6	2304
0.2	0.2	0.5	0.6	2305
1.0	1.0	0.4	0.9	2306
0.6	1.0	0.7	0.0	2307
0.8	0.8	0.3	0.3	2308
1.0	1.0	0.1	0.1	2309
0.8	1.0	0.1	0.0	2310
0.2	0.2	0.3	0.0	2311
0.6	0.6	0.7	0.2	2312
0.6	0.2	0.6	0.2	2313
0.8	0.4	0.5	0.9	2314
0.2	0.4	0.5	0.9	2315
0.4	0.6	0.9	0.0	2316
0.2	0.8	0.7	0.2	2317
0.2	0.6	0.1	0.2	2318
0.6	0.8	0.6	0.8	2319
0.6	0.4	0.6	0.4	2320
0.6	0.8	1.0	0.3	2321
0.4	0.6	0.0	0.4	2322
0.6	0.2	0.0	0.1	2323
0.4	1.0	0.9	0.8	2324
0.6	1.0	1.0	0.5	2325
1.0	0.2	0.3	0.1	2326
0.2	0.8	0.7	0.7	2327
0.2	0.2	0.1	0.1	2328
1.0	0.6	0.7	0.3	2329
0.4	0.6	0.8	0.4	2330
0.2	0.8	0.0	0.2	2331
0.8	1.0	0.6	0.0	2332
0.6	0.2	0.7	1.0	2333
1.0	0.2	0.6	0.3	2334
0.8	0.4	0.9	0.7	2335
0.2	0.8	0.8	0.2	2336
0.2	0.8	0.2	0.2	2337
0.6	1.0	0.5	1.0	2338
0.2	0.4	0.9	0.7	2339
0.8	0.8	0.0	0.7	2340
0.8	0.2	0.7	0.3	2341
0.6	0.8	0.2	0.5	2342
0.8	1.0	0.1	0.3	2343
0.6	0.2	0.0	0.6	2344
0.4	1.0	0.9	0.7	2345
0.2	0.4	0.2	0.4	2346
0.2	0.8	0.2	0.0	2347
0.4	0.4	0.2	0.6	2348
1.0	1.0	0.8	0.3	2349
0.6	0.6	0.3	0.6	2546
0.6	0.8	0.3	0.2	2547
0.2	0.6	0.2	0.2	2548
1.0	0.2	1.0	0.1	2549
0.4	0.6	0.9	1.0	2550
0.6	0.2	0.6	0.5	2551
0.8	0.2	0.2	0.1	2552
1.0	0.2	0.1	0.1	2553
0.6	1.0	0.6	0.7	2554
0.4	0.4	1.0	0.5	2555
0.8	0.8	1.0	0.7	2556
0.2	0.2	0.6	0.7	2557
1.0	0.6	0.0	0.5	2558
0.6	0.6	0.7	0.6	2559
0.6	0.8	0.3	0.8	2560
0.8	0.4	0.5	0.4	2561
1.0	0.2	0.7	0.2	2562
0.8	1.0	0.5	0.6	2563
0.2	0.8	0.7	1.0	2564
1.0	1.0	0.5	0.7	2565
0.8	0.8	0.6	0.0	2566
0.8	0.6	0.5	0.5	2567
1.0	0.4	0.1	0.9	2568
1.0	1.0	0.8	0.5	2569
0.6	0.2	0.7	0.0	2570
0.8	0.6	0.3	0.7	2571
0.2	0.6	0.3	0.7	2572
1.0	0.8	0.3	0.3	2573
0.8	0.4	0.9	0.5	2574
0.2	0.2	0.6	0.2	2575
1.0	0.6	0.8	0.6	2576
0.8	1.0	0.0	0.7	2577
0.4	0.6	0.9	0.6	2578
0.8	0.2	0.2	0.6	2579
0.2	0.4	0.4	0.8	2580
0.2	0.8	0.1	0.2	2581
0.8	0.6	0.7	0.0	2582
0.8	1.0	0.2	0.3	2583
0.8	0.4	0.8	0.9	2584
0.2	0.6	0.7	0.8	2585
0.6	0.8	0.2	0.7	2586
0.6	0.8	0.5	1.0	2587
0.6	0.2	0.0	0.0	2588
1.0	0.8	0.4	0.9	2589
0.4	0.4	0.5	0.6	2590
0.2	1.0	0.0	0.0	2591
0.8	1.0	0.6	1.0	2592
0.8	1.0	0.1	0.5	2593
0.2	1.0	0.8	0.8	2594
0.8	0.8	0.5	0.3	2595
0.6	0.6	0.6	0.8	2596
0.2	1.0	0.9	0.4	2597
0.8	0.2	0.7	1.0	2598
0.4	0.8	0.5	0.9	2599
0.8	0.2	0.7	0.6	2600
0.8	1.0	0.7	0.0	2601
0.2	0.8	0.7	0.5	2602
0.2	1.0	0.6	0.0	2642
0.2	1.0	0.1	0.8	2643
0.8	0.2	0.3	0.2	2644
1.0	0.8	0.0	0.6	2645
0.2	1.0	0.3	0.6	2646
1.0	0.6	0.3	0.8	2647
0.2	1.0	0.3	0.5	2648
1.0	0.2	0.0	0.1	2649
1.0	0.4	0.0	0.9	2650
0.8	0.2	0.2	0.8	2651
0.2	0.2	0.7	0.3	2652
0.6	0.6	0.8	0.8	2653
1.0	1.0	0.6	0.5	2654
0.6	0.2	0.5	0.8	2655
0.2	0.4	0.3	0.4	2656
0.8	0.6	0.8	0.6	2657
1.0	0.4	0.9	0.1	2658
1.0	0.6	0.1	0.5	2659
0.2	0.8	0.7	0.0	2660
0.8	0.6	0.1	0.3	2661
1.0	0.8	0.0	1.0	2662
0.8	0.6	1.0	0.7	2663
1.0	0.8	0.3	0.5	2664
0.2	0.6	0.6	0.0	2665
1.0	0.2	0.7	0.6	2666
0.8	1.0	0.4	0.4	2667
0.6	1.0	0.5	0.5	2668
1.0	0.2	0.5	0.7	2669
0.2	0.2	0.7	0.2	2670
0.4	0.8	0.4	0.7	2671
0.6	0.6	0.2	0.3	2672
0.6	0.8	0.7	0.6	2673
0.2	0.6	0.8	0.6	2674
1.0	1.0	0.1	1.0	2675
0.2	1.0	0.0	1.0	2676
0.8	0.4	0.8	0.4	2677
0.8	0.6	0.8	1.0	2678
1.0	0.8	0.9	0.9	2679
0.2	0.8	0.8	0.8	2680
0.6	0.6	0.6	0.5	2681
0.6	1.0	0.8	0.8	2682
0.6	1.0	0.0	0.7	2683
1.0	1.0	1.0	0.5	2684
0.6	1.0	0.5	0.1	2685
0.8	0.8	0.0	0.1	2873
0.6	0.8	0.1	0.6	2874
0.4	0.8	0.9	0.2	2875
0.4	0.4	0.3	0.7	2876
0.6	1.0	0.8	0.5	2877
0.6	0.4	0.4	0.6	2878
0.8	0.8	0.5	0.2	2879
1.0	0.4	0.5	0.9	2880
0.4	0.4	1.0	0.1	2881
1.0	0.4	0.8	0.4	2882
0.2	0.8	0.9	0.9	2883
0.6	1.0	0.1	0.7	2884
0.4	0.6	0.8	0.9	2885
1.0	1.0	0.3	0.5	2886
1.0	0.2	0.0	0.8	2887
0.8	0.6	1.0	0.1	2888
1.0	1.0	0.3	0.6	2889
1.0	0.8	0.7	0.3	2890
0.6	1.0	0.0	0.6	2891
0.8	0.2	0.0	0.6	2892
0.8	0.8	0.7	1.0	2893
0.8	1.0	0.8	0.0	2894
1.0	1.0	0.1	0.8	2895
0.8	1.0	0.1	1.0	2896
0.4	0.6	0.9	0.1	2897
0.8	1.0	0.2	0.0	2898
0.4	1.0	0.9	0.1	2899
0.4	1.0	1.0	0.4	2900
0.8	0.2	0.1	0.8	2901
0.2	0.4	0.4	0.7	2902
0.2	0.8	0.3	0.1	2903
1.0	0.2	0.7	0.3	2904
0.6	0.4	0.9	0.8	2905
0.2	1.0	0.0	0.2	2906
0.2	1.0	0.7	0.3	2907
1.0	1.0	0.6	0.0	2908
1.0	0.2	0.3	0.8	2909
0.2	0.6	0.7	0.3	2910
0.2	0.4	0.4	0.0	2911
0.8	0.8	0.5	0.7	2912
0.2	0.4	0.8	0.9	2913
0.4	0.4	0.8	0.7	2914
